0 585 42.0127 -87.7241
20 305 42.027 -87.6994
79 619 41.9473 -87.7288
84 400 41.9714 -87.7171
84 490 41.9217 -87.6591
106 998 41.9851 -87.7695
329 1070 42.0549 -87.7214
346 852 42.0477 -87.7068
396 1517 41.958 -87.7493
410 999 41.912 -87.6909
517 853 41.9339 -87.7048
619 974 41.948 -87.6628
688 1301 41.9619 -87.7524
791 1560 41.9694 -87.7044
798 1325 41.9631 -87.6623
846 1449 41.9513 -87.7018
880 1546 42.0169 -87.7357
1021 1642 41.9256 -87.695
1023 1482 41.9935 -87.6971
1028 2117 41.965 -87.7452
1217 1880 41.9897 -87.7435
1270 1805 41.9172 -87.7209
1280 1427 41.9337 -87.7099
1386 2178 41.9149 -87.7191
1462 2827 41.9175 -87.6965
1490 2525 41.9501 -87.7018
1557 2072 41.9843 -87.6713
1636 2269 41.9845 -87.7309
1667 2725 41.9448 -87.7289
1692 2071 42.0159 -87.6889
1858 2477 41.9175 -87.6943
1952 3504 41.9278 -87.7542
1954 2609 41.9731 -87.6949
2039 3633 41.9147 -87.6981
2080 2566 41.9492 -87.6871
2085 2949 42.0082 -87.7525
2137 2756 41.9007 -87.6845
2168 2303 41.9135 -87.6411
2183 3470 41.9397 -87.7211
2277 3053 41.9484 -87.6871
2379 2846 41.9817 -87.7161
2387 2494 41.9804 -87.6649
2392 2753 42.0303 -87.7329
