100 585 41.9995 -87.7134 42.0127 -87.7241
39 295 42.0272 -87.7165 42.027 -87.6994
152 579 41.9359 -87.7146 41.9473 -87.7288
113 357 41.9693 -87.7279 41.9714 -87.7171
76 447 41.9388 -87.6657 41.9217 -87.6591
236 944 41.9693 -87.7279 41.9851 -87.7695
197 974 41.9693 -87.7279 41.9675 -87.7831
327 691 41.9995 -87.7134 42.0075 -87.7035
261 493 41.9995 -87.7134 41.9976 -87.7045
301 601 41.9359 -87.7146 41.9385 -87.6996
324 722 41.9359 -87.7146 41.9482 -87.726
437 577 41.8983 -87.6763 41.8994 -87.6833
295 551 42.027 -87.6994 42.0272 -87.7165
490 1306 41.9693 -87.7279 41.9922 -87.7558
426 680 41.9388 -87.6657 41.948 -87.6628
357 601 41.9714 -87.7171 41.9693 -87.7279
470 972 41.9693 -87.7279 41.9619 -87.7524
788 1179 41.9693 -87.7279 41.9694 -87.7044
486 941 41.9823 -87.668 41.9631 -87.6623
570 1041 41.9359 -87.7146 41.9513 -87.7018
447 818 41.9217 -87.6591 41.9388 -87.6657
501 850 41.9995 -87.7134 41.987 -87.7029
483 840 42.0272 -87.7165 42.0208 -87.7269
493 725 41.9976 -87.7045 41.9995 -87.7134
514 947 41.9388 -87.6657 41.9469 -87.6895
692 1144 41.9359 -87.7146 41.9256 -87.695
591 983 41.9995 -87.7134 41.9935 -87.6971
936 1277 41.9693 -87.7279 41.965 -87.7452
577 717 41.8994 -87.6833 41.8983 -87.6763
579 1006 41.9473 -87.7288 41.9359 -87.7146
585 1070 42.0127 -87.7241 41.9995 -87.7134
601 901 41.9385 -87.6996 41.9359 -87.7146
726 973 41.9823 -87.668 41.9746 -87.6609
680 934 41.948 -87.6628 41.9388 -87.6657
691 1055 42.0075 -87.7035 41.9995 -87.7134
713 1005 41.9823 -87.668 41.9743 -87.6723
926 1138 41.9359 -87.7146 41.9319 -87.72
722 1120 41.9482 -87.726 41.9359 -87.7146
764 1664 41.9693 -87.7279 41.972 -87.787
788 1358 41.9693 -87.7279 41.9648 -87.6901
796 1099 41.9995 -87.7134 41.9964 -87.7313
840 1197 42.0208 -87.7269 42.0272 -87.7165
850 1199 41.987 -87.7029 41.9995 -87.7134
947 1458 41.9359 -87.7146 41.9175 -87.6965
1230 1502 41.9359 -87.7146 41.9275 -87.7183
941 1396 41.9631 -87.6623 41.9823 -87.668
944 1652 41.9851 -87.7695 41.9693 -87.7279
1652 2027 41.9693 -87.7279 41.963 -87.7103
947 1380 41.9469 -87.6895 41.9388 -87.6657
972 1474 41.9619 -87.7524 41.9693 -87.7279
1474 1950 41.9693 -87.7279 41.9766 -87.7553
973 1220 41.9746 -87.6609 41.9823 -87.668
974 1751 41.9675 -87.7831 41.9693 -87.7279
1751 2300 41.9693 -87.7279 41.9769 -87.7607
983 1375 41.9935 -87.6971 41.9995 -87.7134
1227 1571 41.9995 -87.7134 41.9859 -87.7114
1104 1512 41.9359 -87.7146 41.9448 -87.7289
1005 1297 41.9743 -87.6723 41.9823 -87.668
1087 1393 42.0099 -87.6744 42.0159 -87.6889
1041 1512 41.9513 -87.7018 41.9359 -87.7146
1099 1402 41.9964 -87.7313 41.9995 -87.7134
1112 1463 41.8983 -87.6763 41.9068 -87.6639
1189 1694 41.9359 -87.7146 41.9145 -87.7086
1227 1727 41.9388 -87.6657 41.9531 -87.6891
1138 1350 41.9319 -87.72 41.9359 -87.7146
1144 1596 41.9256 -87.695 41.9359 -87.7146
1375 1810 41.9823 -87.668 41.9705 -87.6819
1179 1570 41.9694 -87.7044 41.9693 -87.7279
1570 2083 41.9693 -87.7279 41.9496 -87.7339
1277 1618 41.965 -87.7452 41.9693 -87.7279
1618 1787 41.9693 -87.7279 41.9694 -87.7183
1628 1892 41.8983 -87.6763 41.8951 -87.6687
1734 1913 41.8983 -87.6763 41.9007 -87.6845
1306 2122 41.9922 -87.7558 41.9693 -87.7279
2122 2354 41.9693 -87.7279 41.971 -87.7393
1311 1445 41.9122 -87.6394 41.9135 -87.6411
1506 1722 41.9359 -87.7146 41.9297 -87.7147
1507 2104 41.9995 -87.7134 41.9937 -87.7422
1358 1928 41.9648 -87.6901 41.9693 -87.7279
1418 1753 42.0099 -87.6744 41.9925 -87.6748
1471 1520 41.9995 -87.7134 41.9985 -87.7155
1577 1721 41.9823 -87.668 41.9878 -87.6651
1623 2106 41.9388 -87.6657 41.9568 -87.6825
1393 1699 42.0159 -87.6889 42.0099 -87.6744
1510 1948 41.8983 -87.6763 41.9176 -87.684
1445 1579 41.9135 -87.6411 41.9122 -87.6394
1458 1969 41.9175 -87.6965 41.9359 -87.7146
1463 1814 41.9068 -87.6639 41.8983 -87.6763
1502 1774 41.9275 -87.7183 41.9359 -87.7146
1894 2700 41.874 -87.6312 41.8403 -87.6342
1512 1920 41.9448 -87.7289 41.9359 -87.7146
1520 1569 41.9985 -87.7155 41.9995 -87.7134
1579 1956 42.0272 -87.7165 42.0317 -87.6967
1757 1863 41.9359 -87.7146 41.9342 -87.7135
1571 1915 41.9859 -87.7114 41.9995 -87.7134
1928 2715 41.9693 -87.7279 41.9874 -87.764
1609 2032 41.9359 -87.7146 41.9188 -87.709
1712 2369 41.8983 -87.6763 41.8704 -87.6849
1664 2564 41.972 -87.787 41.9693 -87.7279
1711 2054 42.0272 -87.7165 42.0292 -87.7329
1694 2199 41.9145 -87.7086 41.9359 -87.7146
1707 2108 41.9359 -87.7146 41.9551 -87.7142
1721 1865 41.9878 -87.6651 41.9823 -87.668
1722 1938 41.9297 -87.7147 41.9359 -87.7146
1994 2357 41.9388 -87.6657 41.9447 -87.6846
1727 2227 41.9531 -87.6891 41.9388 -87.6657
1862 2281 41.9823 -87.668 41.9615 -87.6659
1882 2286 41.9388 -87.6657 41.9538 -87.6812
1753 2088 41.9925 -87.6748 42.0099 -87.6744
1787 1956 41.9694 -87.7183 41.9693 -87.7279
1910 2385 41.9359 -87.7146 41.9351 -87.7349
1810 2245 41.9705 -87.6819 41.9823 -87.668
2059 2771 42.0272 -87.7165 42.0584 -87.7058
1920 2592 41.9359 -87.7146 41.9253 -87.7426
1966 2527 41.9995 -87.7134 41.9929 -87.7401
1863 1969 41.9342 -87.7135 41.9359 -87.7146
1987 2706 41.9359 -87.7146 41.9351 -87.7506
1892 2156 41.8951 -87.6687 41.8983 -87.6763
1913 2092 41.9007 -87.6845 41.8983 -87.6763
1948 2386 41.9176 -87.684 41.8983 -87.6763
1950 2426 41.9766 -87.7553 41.9693 -87.7279
1956 2333 42.0317 -87.6967 42.0272 -87.7165
2145 2318 41.9823 -87.668 41.9894 -87.6651
2044 2872 41.9359 -87.7146 41.9469 -87.7579
2325 2760 41.9388 -87.6657 41.9588 -87.6692
2027 2402 41.963 -87.7103 41.9693 -87.7279
2142 2413 41.9388 -87.6657 41.9285 -87.6717
2066 2585 41.9388 -87.6657 41.9588 -87.685
2032 2455 41.9188 -87.709 41.9359 -87.7146
2081 2450 41.9995 -87.7134 41.9848 -87.7094
2076 2310 41.9388 -87.6657 41.9299 -87.6549
2054 2397 42.0292 -87.7329 42.0272 -87.7165
2083 2596 41.9496 -87.7339 41.9693 -87.7279
2151 2750 41.9359 -87.7146 41.9552 -87.6995
2104 2701 41.9937 -87.7422 41.9995 -87.7134
2106 2589 41.9568 -87.6825 41.9388 -87.6657
2108 2509 41.9551 -87.7142 41.9359 -87.7146
2146 2740 41.9823 -87.668 41.9701 -87.6877
2145 2902 41.8983 -87.6763 41.8781 -87.7036
2276 2656 41.9359 -87.7146 41.9219 -87.7161
2195 2663 41.9823 -87.668 41.975 -87.6855
2235 2771 41.8983 -87.6763 41.8776 -87.6869
2281 2700 41.9615 -87.6659 41.9823 -87.668
2286 2690 41.9538 -87.6812 41.9388 -87.6657
2455 2824 41.9359 -87.7146 41.9483 -87.703
2300 2849 41.9769 -87.7607 41.9693 -87.7279
2310 2544 41.9299 -87.6549 41.9388 -87.6657
2318 2491 41.9894 -87.6651 41.9823 -87.668
2354 2586 41.971 -87.7393 41.9693 -87.7279
2357 2720 41.9447 -87.6846 41.9388 -87.6657
2446 2821 41.9693 -87.7279 41.9757 -87.712
2369 3026 41.8704 -87.6849 41.8983 -87.6763
2385 2860 41.9351 -87.7349 41.9359 -87.7146
2413 2684 41.9285 -87.6717 41.9388 -87.6657
2535 2734 41.9995 -87.7134 42 -87.7058
2450 2819 41.9848 -87.7094 41.9995 -87.7134
2531 2770 41.9995 -87.7134 41.9924 -87.7214
2828 3172 41.9388 -87.6657 41.9381 -87.6862
2524 2899 41.9693 -87.7279 41.963 -87.7103
2895 3147 41.9693 -87.7279 41.9629 -87.7205
2527 3088 41.9929 -87.7401 41.9995 -87.7134
2582 2977 42.0272 -87.7165 42.042 -87.7192
2586 3019 41.9693 -87.7279 41.9519 -87.73
2585 3104 41.9588 -87.685 41.9388 -87.6657
2759 3288 41.9359 -87.7146 41.9499 -87.7375
2592 3264 41.9253 -87.7426 41.9359 -87.7146
2615 3071 41.9388 -87.6657 41.9535 -87.6562
2741 3480 42.0272 -87.7165 42.0556 -87.6986
2656 3036 41.9219 -87.7161 41.9359 -87.7146
2720 3324 41.9693 -87.7279 41.9754 -87.7622
2663 3131 41.975 -87.6855 41.9823 -87.668
2779 2960 41.8983 -87.6763 41.896 -87.6715
2700 3506 41.8403 -87.6342 41.874 -87.6312
2805 3292 41.9388 -87.6657 41.9603 -87.6759
2706 3425 41.9351 -87.7506 41.9359 -87.7146
2715 3502 41.9874 -87.764 41.9693 -87.7279
2734 2933 42 -87.7058 41.9995 -87.7134
2740 3334 41.9701 -87.6877 41.9823 -87.668
2750 3349 41.9552 -87.6995 41.9359 -87.7146
2767 2891 41.8983 -87.6763 41.9006 -87.6723
2760 3195 41.9588 -87.6692 41.9388 -87.6657
2770 3009 41.9924 -87.7214 41.9995 -87.7134
2771 3483 42.0584 -87.7058 42.0272 -87.7165
2771 3307 41.8776 -87.6869 41.8983 -87.6763
2821 3196 41.9757 -87.712 41.9693 -87.7279
2824 3193 41.9483 -87.703 41.9359 -87.7146
3155 3370 41.9359 -87.7146 41.9335 -87.705
2872 3700 41.9469 -87.7579 41.9359 -87.7146
2930 3134 41.9388 -87.6657 41.9369 -87.6719
2891 3015 41.9006 -87.6723 41.8983 -87.6763
2899 3274 41.963 -87.7103 41.9693 -87.7279
2902 3659 41.8781 -87.7036 41.8983 -87.6763
2946 3335 41.9823 -87.668 41.9747 -87.6843
2960 3141 41.896 -87.6715 41.8983 -87.6763
3052 3347 41.9693 -87.7279 41.9598 -87.7205
2977 3372 42.042 -87.7192 42.0272 -87.7165
3228 3332 41.9693 -87.7279 41.9687 -87.733
3032 3304 41.9995 -87.7134 41.9871 -87.7151
3019 3452 41.9519 -87.73 41.9693 -87.7279
3072 3515 42.0272 -87.7165 42.029 -87.6919
3071 3527 41.9535 -87.6562 41.9388 -87.6657
3087 3468 41.9359 -87.7146 41.9498 -87.7055
3240 3909 42.0272 -87.7165 42.0477 -87.6936
3134 3338 41.9369 -87.6719 41.9388 -87.6657
3147 3399 41.9629 -87.7205 41.9693 -87.7279
3172 3516 41.9381 -87.6862 41.9388 -87.6657
3296 3725 41.8983 -87.6763 41.912 -87.6885
3207 3806 42.0272 -87.7165 42.0387 -87.6878
3311 3490 41.9122 -87.6394 41.9194 -87.6413
3288 3817 41.9499 -87.7375 41.9359 -87.7146
3292 3779 41.9603 -87.6759 41.9388 -87.6657
3304 3576 41.9871 -87.7151 41.9995 -87.7134
3332 3661 42.0272 -87.7165 42.0253 -87.7283
3324 3928 41.9754 -87.7622 41.9693 -87.7279
3332 3436 41.9687 -87.733 41.9693 -87.7279
3488 3918 41.9359 -87.7146 41.9191 -87.716
3335 3724 41.9747 -87.6843 41.9823 -87.668
3390 3715 41.9823 -87.668 41.9754 -87.6764
3347 3642 41.9598 -87.7205 41.9693 -87.7279
3370 3585 41.9335 -87.705 41.9359 -87.7146
3538 3689 41.9359 -87.7146 41.932 -87.713
3468 3849 41.9498 -87.7055 41.9359 -87.7146
3480 4219 42.0556 -87.6986 42.0272 -87.7165
3594 3848 41.9359 -87.7146 41.9341 -87.7234
3490 3669 41.9194 -87.6413 41.9122 -87.6394
3642 3807 41.9359 -87.7146 41.9332 -87.716
3515 3958 42.029 -87.6919 42.0272 -87.7165
3571 4059 41.8983 -87.6763 41.9167 -87.6889
3681 4107 42.0272 -87.7165 42.0438 -87.7069
3702 4492 41.874 -87.6312 41.8396 -87.6402
