1.74382e+06
1.18233e+06
819335
830254
840763
828526
853458
846352
857425
847969
854061
848618
845182
841452
842974
843269
837680
843803
837458
841095
848513
838989
848600
828726
831762
830286
831419
841450
833301
832083
828685
825679
829680
827437
824680
828049
826903
821379
825613
823855
824271
818405
820107
814730
798648
811856
807936
807783
801823
795934
802127
809881
803347
801603
786062
789166
790900
790919
792693
789788
783561
779779
776283
783439
781931
773932
776472
780439
775328
773192
770656
771133
766825
765923
765735
759012
761561
768432
758324
764888
750842
749042
751066
743617
750964
759688
745654
752582
747371
745206
739774
739355
736052
743000
731652
741296
725153
740633
722381
728868
714064
731066
733131
726492
719630
717085
715028
725702
721945
724646
709828
711330
713039
706887
713834
706624
709066
703326
703213
693576
707288
705842
698879
693631
696400
695814
702550
700555
683318
683393
691220
675405
676825
687893
669724
681823
683937
679076
674680
669027
665176
665426
672560
665907
661674
661357
663220
661332
661042
654653
658867
653483
643678
653773
648423
655097
646132
650803
649400
638676
657102
639084
650929
645553
634236
638652
636006
639860
621370
637652
635621
634377
634732
632682
622296
628571
624344
605980
614128
616533
621341
610336
612338
610001
602091
597391
606498
602923
598204
609129
616116
602724
603814
593030
595694
593354
606143
606399
597958
588386
599673
583691
581456
588133
577315
585700
584353
587943
578476
585387
585214
570799
567768
575448
579545
578885
577111
567592
580155
570840
565016
575765
563554
571902
581060
569162
563817
566626
570087
561439
563059
562946
550891
559482
562070
561856
557294
554745
554278
551995
561206
557986
545138
549662
546487
544553
537201
530647
543536
539764
544325
536343
537652
542409
540412
542028
542224
539010
539672
529485
535229
536703
523586
532205
532953
522020
530134
523490
535367
520116
534450
525120
515294
517501
525877
531909
507148
531897
516094
533481
523186
513494
518941
515984
506479
511444
519467
517088
509087
513238
505841
500680
509911
508287
502321
515862
504267
502485
509056
515690
510103
506151
494051
508181
508767
496369
491826
491985
492587
499191
502045
480261
494189
496816
498489
492733
496677
492893
485376
490033
486886
491048
507439
479641
477919
481918
478154
479415
482083
479175
477335
498334
482671
479234
483517
485756
486819
478012
478504
488555
484759
476400
466099
481127
479557
476913
474589
478376
478598
477960
474469
475242
467399
463297
463179
470116
463701
466341
473596
461305
472680
463428
471135
456107
475964
468006
467585
463556
477128
485250
466428
476958
467174
461559
455341
450341
468370
463540
463210
463631
459621
466379
463137
469097
464625
466332
462131
455661
451663
473835
455333
451023
463035
463174
464396
451679
454197
454058
458832
443991
452831
455533
455398
445755
447623
452712
451340
463243
460890
454173
454253
452507
457004
450785
458094
444787
457008
444831
454847
454287
447260
450188
440294
452107
459844
447148
448786
446209
458924
448763
440583
459655
464647
460120
450024
453507
442986
450142
449446
440439
454669
456114
448692
450685
442236
438511
458462
442043
448497
446221
434548
443346
450118
436498
444618
454372
447212
449932
456267
457016
447288
437439
444570
447927
446262
447554
446803
434831
442248
442461
435954
431064
435961
440600
441436
438192
432069
437029
429606
446942
443963
432896
442503
445455
448735
438098
433193
436028
434756
439919
433165
434319
440627
430569
422072
427950
429784
437317
443343
439334
