1.43579e+06
842549
835192
859617
869808
862165
889272
881788
893185
883731
893832
890699
889320
887304
889307
888775
883619
888408
887357
888986
893726
885637
892492
879589
884517
884686
886931
894912
889289
886083
887790
880878
889119
887088
884895
887533
888086
883542
889313
882783
887199
889042
889432
883599
868897
882650
878704
883961
873131
871362
877558
886616
881881
882617
870050
870049
872038
873149
875608
875090
866016
866593
861197
873865
867952
865106
864908
871343
864035
865168
863024
860294
858852
860472
861369
857477
857023
862948
853342
858007
847846
852189
850109
846502
850891
856292
849849
855201
849218
851112
844207
845622
846390
850503
842051
847082
832062
847354
834781
836818
824983
839538
843774
834111
836066
825964
831589
839304
837648
842034
825721
826546
836839
823680
830295
833277
830750
828362
825205
819079
833278
827172
826620
822526
825596
830069
832300
828846
817988
818985
824897
816589
815587
823970
809104
820072
822352
815744
816053
815328
811751
815946
818793
817504
813846
813702
813306
812900
819293
805701
811601
808540
802790
816483
803870
815157
809561
814974
811406
805311
818802
805836
814729
809158
809099
816098
805005
821012
798138
811872
807799
810184
808746
804766
805617
808436
801568
798115
798148
806063
815841
799378
803248
800510
800133
792098
803552
799923
790947
809781
810998
809245
804747
790486
800833
794481
801908
803480
796475
794900
799976
794771
798066
795125
794294
798764
799597
797504
787247
802983
799385
791027
787770
791631
796480
794138
795330
788761
796862
797504
786903
798665
795491
794877
803034
790895
796060
792692
798511
784979
790717
797477
783503
792199
797976
788636
788656
787441
791056
794099
794647
796351
789401
787022
788853
789842
785788
779287
785581
784334
799936
792041
785717
790845
788885
788775
785651
790748
791258
791952
790648
798875
780766
789672
787137
780029
785896
784658
794948
784650
792808
776543
779381
779315
786812
788258
781193
795176
780174
789788
781159
786669
778657
786651
775010
786103
784638
792612
782406
783214
780075
775057
783673
790297
791880
787295
784971
782972
785068
780246
783578
774888
780079
788634
788367
774517
782350
781559
773384
781958
785026
776075
783180
783038
780814
780851
787376
782928
776648
782008
785718
777259
796260
769005
779277
776282
779455
773026
775705
783656
773975
789041
783892
773731
780350
789114
780997
773028
780752
782585
778361
770833
781522
783176
784072
776004
774848
781928
779965
772659
789111
778457
772284
771066
776508
779031
771307
776328
779609
780420
783177
778124
780665
771625
779053
777880
770970
769636
778496
782464
784739
782022
773018
775628
774485
777765
777508
784102
779477
775140
774292
778932
782545
787050
774877
777175
775549
771712
769130
786853
773496
773256
772947
775783
779864
776231
774350
779702
777166
759110
777180
780255
778169
783868
776660
778618
768003
782963
784342
775890
779050
784386
777493
771727
778495
773678
780463
776360
777797
771612
776754
775452
775261
780841
781484
774491
777186
772159
774665
766246
768886
777954
786700
779634
776784
785820
776206
772492
779020
771118
787713
776833
779409
778167
770831
771051
787466
773467
777349
774123
768451
772059
774232
769430
780134
782097
777847
775970
780091
780703
773763
780017
769122
778836
775464
776895
776156
771085
777060
777929
772126
772102
766763
774221
770967
769635
760086
769797
779196
782307
772641
766307
777549
777646
784500
778247
775790
771806
779895
775177
769324
774708
780545
772415
768984
767126
776063
774288
769100
774606
