1.67067e+06
1.23407e+06
915505
881527
859886
860925
851712
843028
846219
858551
841074
847034
834602
832371
832919
834383
826724
813119
804026
817220
817030
800127
776927
795409
803815
774692
780337
778655
764787
769602
760269
760554
757108
758230
760340
733349
733697
723994
722624
711455
692239
714591
701661
688798
682899
686861
678183
674259
648456
672227
654290
636303
633230
631302
623927
625296
615138
604779
611324
604132
587265
596464
571035
575676
573300
547004
561445
558490
537899
545130
546746
535316
529192
525971
528688
531128
524094
494456
503543
511721
500783
493005
498150
480224
493069
475154
484401
472411
495114
460811
473272
466961
470475
453477
457347
457002
457864
457417
445032
430877
444370
431429
440194
418423
433851
434259
418382
429448
420578
426990
419176
425367
414165
408822
413662
416533
412199
402693
433100
409846
417342
413358
421403
408594
420450
409757
418764
401986
405419
405137
406993
399545
391555
395551
401925
392390
391377
412532
394121
396840
386023
396549
396700
380011
393749
397310
393768
391077
385620
385794
378615
382027
393169
375955
403326
372064
382384
379693
384359
383192
387344
395827
389983
380766
367106
378369
378175
364956
363274
385339
385831
383285
390553
378979
373352
374115
378805
377254
370054
378523
376956
363286
364725
373648
375993
370634
373648
376978
381690
374844
374004
381085
371540
376370
379827
379606
375005
355540
367529
372537
376040
364255
383035
375711
356997
385715
371656
371915
366801
366026
356224
370926
360573
372478
372120
360630
377514
365210
372650
375018
362192
389164
372033
364072
363184
370013
375620
356879
369724
366485
349795
371499
380423
350969
368122
362724
365759
362077
366651
371370
366874
362028
358779
361232
352387
358878
367963
357653
358050
362631
363528
348731
366437
362772
362357
358904
367986
360505
351076
357296
341174
365419
364531
354715
365400
356939
362866
348620
362110
347239
366402
370752
357070
348698
348702
366730
368124
351028
358496
361810
359378
369889
343423
371966
350273
360528
353617
356493
353405
367892
360143
355872
363644
347873
351305
352830
356925
348759
345793
357280
357518
357987
351206
368110
354350
357675
357062
354723
351765
362155
360768
364958
348394
350291
355493
357555
342401
338855
355369
351507
352423
362734
363314
345976
341326
338433
356808
354939
362481
352481
348281
346035
346283
354034
345474
354265
352890
353948
345524
354390
346570
340984
354652
350586
366410
352629
342813
352518
343179
352403
364388
353011
359980
342613
354921
350415
339410
351481
351383
354165
345492
352510
345124
350501
344735
338607
345592
351884
350525
341935
356619
347843
341493
338315
342733
357580
351760
349566
347063
347972
347219
357302
349464
338844
341650
346452
340018
350558
342977
343683
340564
347839
339987
344515
356886
345688
352269
344363
344833
345434
348393
350582
351211
341362
345721
335380
348404
353280
352027
347046
348266
341691
345986
346535
348298
339976
339262
346330
345791
346466
336034
333973
350845
345097
352371
346408
346438
352295
339087
344231
359690
342624
340788
342310
341474
348932
342118
351258
336488
344337
351751
341641
351366
341079
344312
350950
342419
345120
343153
356931
345902
345670
350650
355495
337008
336800
352483
342723
356401
345176
336404
342749
343092
354462
349682
339229
340110
342270
345366
338679
348505
349663
356738
340470
339995
347032
350265
334320
347986
347939
340067
342213
346693
344058
356108
347878
346679
343070
338859
344030
344416
347257
340928
337847
341507
345295
341886
340188
341621
343430
