1.15094e+06
976760
931474
900276
856673
830506
768782
711254
626678
574354
535233
527236
486163
489544
464410
463357
454602
448857
449107
453264
442559
439475
452816
453104
450250
438565
443321
461527
454947
434428
434108
443355
442178
431595
428289
442948
438622
429200
438614
439772
421152
435222
416584
427631
435863
436227
430698
407984
439580
414834
412799
425620
427850
415890
419396
418604
411286
424503
427180
415779
409974
421319
415533
424544
430089
435573
439546
435191
422072
433458
432822
432301
421695
430289
416027
421078
426822
414429
438339
420020
