1.63125e+06
1.11482e+06
860330
842704
839117
817867
835018
817639
837766
811055
828156
810190
803564
795432
804580
785940
776871
788258
780257
774499
766974
768042
763387
746892
748688
741650
739569
749902
743030
722517
735585
716708
719657
714220
718780
708981
710987
690845
701737
681324
688160
691249
690646
677965
654856
669655
671172
664186
650990
646400
649602
653882
640550
652437
626058
626948
617208
619792
618629
602793
600435
594697
587398
601735
591864
578977
573786
582919
568934
579510
552109
553061
550094
554577
544429
536541
541469
537136
523711
541800
511665
520458
515637
497287
513129
508668
508400
509053
488738
490216
479480
484507
476550
477545
476460
473871
459105
481974
443654
461849
442681
455750
463863
452274
439829
430123
446767
443731
443070
456635
425504
427092
438546
422186
434045
434362
416420
418968
416174
414465
427896
423385
414410
413307
408818
412371
413273
410727
392750
398326
406387
397411
394385
406576
389406
400694
403607
390224
390968
395312
386098
385435
391418
386706
374317
378900
381899
380572
386312
365880
382562
385039
366538
378351
367108
378820
368557
381077
372031
377391
378714
372172
379494
371580
365748
381628
372506
374931
364610
377590
370776
367191
366259
373263
358398
373231
360708
357420
356840
365837
376684
353079
354276
356836
363811
352933
353545
356438
352592
372969
364660
364387
359999
348660
349222
352781
357812
366150
356320
354631
357837
354719
356449
351816
353557
354790
356633
352597
344402
358580
358793
349158
345515
351917
347610
350334
354352
346362
361038
346398
346921
362308
347923
353085
367365
350820
358443
346901
351057
341063
346670
362051
333421
347074
350447
351599
345458
349009
345728
346886
348077
350884
340697
343973
339036
348380
343532
339381
339583
349791
354119
345020
339133
353973
351771
347448
347914
337983
343781
342163
346151
342420
338487
357193
340933
332902
345692
349897
352050
339716
348922
335834
340867
340568
348761
347215
345996
344647
344512
346475
350149
342255
339919
343016
340298
341131
343037
344751
342537
340345
342399
335777
344419
349176
337966
344101
344596
341967
337799
337079
339934
328084
333127
344957
335020
331060
342863
336014
331960
337774
344951
342019
346660
336851
332800
337179
338826
341937
336840
346250
339449
336998
346751
330816
330705
334859
334137
328228
335747
343741
330936
343368
343377
331552
337560
352094
336781
331709
330097
350494
338120
333334
339688
341133
340036
334814
332772
341747
331263
332204
342310
331358
333478
339778
333208
336120
337136
345612
338608
336036
330163
334702
334967
331827
332763
333488
326306
325153
339314
332835
336435
334593
335304
327576
329160
326239
327831
345576
340297
327776
338643
338721
333746
333225
333548
335821
336267
332744
334718
345270
336525
340312
323454
325643
332127
329382
329546
337609
342218
317068
329971
335106
334155
329618
342155
336221
327786
331707
339594
331793
337618
350138
338639
327739
328197
330952
346136
335573
330116
331375
338188
332834
327855
345496
341719
337994
338755
332365
334767
318828
330350
333797
343680
332567
329778
334331
324371
326909
341260
325854
333961
330094
331709
333160
329473
326696
345108
322985
337669
334651
324233
331173
334281
324671
326194
336508
330646
328563
334636
332959
335758
337054
323466
327239
339642
329950
330754
325695
332106
332243
336547
327088
336692
335134
324024
337207
322492
327813
334406
336590
331473
328790
340570
332264
335644
331281
328387
323497
326684
336535
323009
329280
340035
324025
329773
326087
330369
332271
327941
340000
