1.59686e+06
915171
821820
850962
863103
854005
880254
872762
883875
875590
883806
880308
878255
875163
875872
875871
870080
877137
873483
874769
880785
872966
877983
865376
867508
868320
870291
878765
872796
869280
869549
864369
870553
868348
866939
871096
869925
867245
870101
865354
868622
868514
868065
863845
850574
862742
859189
860229
853157
850411
856273
866247
859653
859006
846576
848142
850326
851609
854802
854877
846737
846471
843591
855052
849164
845516
844285
850578
843973
844938
841242
839966
837261
841089
841351
836803
835047
842225
834195
839948
828776
829364
829134
823904
827763
838126
828164
836620
829160
830805
824042
824841
824049
828804
820664
825678
813048
829097
816598
818254
806189
820603
820885
813104
811377
806850
810998
820020
817156
823110
805296
808876
813480
805297
812036
811078
811369
804317
802814
799919
813139
806358
805130
799748
804152
803901
811655
806459
791298
798566
802957
794678
791258
803350
787536
794453
795479
791168
791506
790885
787232
792667
794544
792545
788743
788054
792239
787335
792176
779689
782987
787524
774730
788477
776848
789515
782828
786285
784503
776292
795381
779518
790293
783516
779871
785447
777569
790515
770322
780556
778769
776251
782804
776646
777118
779425
775976
764899
766657
773360
783014
768969
772753
766293
766014
759213
769598
765318
761552
775588
777951
780094
770452
760124
769399
760880
771787
770841
772208
762867
768524
758545
761874
762966
761957
765330
765566
766330
755223
766738
767302
755680
753502
759031
764093
758584
760665
753002
765417
759038
750588
761472
753514
756170
770251
754139
758684
757537
761020
746891
753284
760498
742556
750414
755121
755293
750508
752247
749736
753885
760963
756805
749094
748988
747427
748610
741511
734960
740974
744103
753212
752270
737796
749358
745521
744291
743015
743774
743560
741765
746782
745411
733967
743362
740141
730630
736275
736389
744183
736020
745947
723568
727921
723240
737001
742080
727583
745908
731140
736385
730633
732926
726278
733290
718487
728716
731703
737547
724134
721742
721497
717263
730817
730535
731193
735691
724247
723740
720965
720126
722258
715856
715916
726472
730109
718224
721836
721564
708866
724080
727253
710945
725329
723008
710126
719891
724001
719384
708393
719439
717423
711216
732471
695249
709438
704582
708410
705849
706144
711819
703745
720917
719926
703837
710854
721578
712147
701444
699024
710465
708044
699539
705420
713106
709823
702343
703112
709868
701401
700377
711973
697858
697216
697933
699892
698014
697877
695704
710540
696366
703875
695941
701369
692984
699091
694420
692720
695319
699681
709129
702103
708184
700140
696942
693255
697772
697916
700195
700803
692544
692593
695287
695080
697656
688790
691334
693840
684916
681885
705076
687712
685237
682035
689689
693022
683534
681927
686931
694508
674492
687803
690123
689193
694911
683603
690650
677004
691568
691923
688993
691890
689638
684888
678622
681660
682722
687691
676171
688167
676223
681446
680482
677775
684748
687263
682633
678711
677984
677600
671272
671804
678826
697460
685583
685297
687177
677539
676853
685002
671280
692172
675948
677620
686069
677062
672249
684315
673583
677259
677838
666788
669396
670975
669220
673118
681856
677275
675435
685105
684439
673271
676302
671292
671173
680255
673507
668382
669584
670261
672315
668917
661679
662369
672644
666072
658149
656746
674648
675676
672754
666625
664189
681991
676907
678072
668416
667299
657804
667522
665139
662977
670414
677987
658755
658711
655104
668304
669009
659186
667988
