1.50346e+06
880419
818296
841945
853812
842472
868099
859855
871330
861657
868496
865376
863166
859198
858709
859811
853938
860162
852440
857403
862762
852827
858975
844597
846487
847073
849434
858395
850496
846434
845561
841315
848384
846175
841685
844752
845779
841731
842961
839740
842694
838364
837824
833612
819448
830886
827115
831179
820822
816543
824002
831560
824149
823803
807498
810986
812340
813361
812875
811416
806438
802064
799666
809502
808582
802092
803521
806638
795566
800598
794710
796954
792214
793064
790741
787563
786385
793974
783343
788287
779810
774422
776743
772610
775643
788077
774191
779349
775390
775476
769502
771045
768198
771880
762369
769105
753633
769225
757986
759864
748960
763285
764996
755137
755657
750330
747629
760731
756191
757379
744078
745651
750539
743650
746720
744831
749905
740326
741161
734202
744762
741220
737870
734655
739196
733266
747199
742917
727156
730191
729819
719299
723180
730682
709117
723586
725734
719937
717722
718625
710408
716351
717861
714848
708892
707222
713687
707191
714088
700833
705963
703604
690774
704483
698042
707082
699639
703216
701684
689539
712408
693009
706122
698569
690950
695511
693118
701794
678827
697284
691667
695102
690225
689817
685858
692088
688811
670927
677826
682102
687620
673910
680727
675423
672317
667544
680087
673649
664483
682854
679612
680068
671540
665784
668084
665356
670774
674528
668740
660324
669835
657472
659920
659902
657163
660056
663342
659044
650067
657578
661438
642811
645993
649077
656962
651082
650511
646092
653791
652262
638339
649961
643429
649075
653328
645517
650285
647917
650384
637238
638066
644678
632029
640634
640412
641876
635267
636473
636398
633783
644475
638965
628368
634470
633165
632092
624124
616826
627348
623527
635705
626059
619888
629198
623999
624866
621157
628705
621057
617866
620006
636521
612515
618259
620234
610298
618079
609576
628427
613327
621753
604621
602404
603761
608057
620386
601265
625602
608001
613714
615300
603576
598480
603517
595543
600108
607304
609637
595593
599229
592667
595894
606281
605480
594969
607175
597232
589844
589690
596580
594521
590964
587040
600844
601838
586132
588468
586984
586079
590038
595119
584128
595755
598374
586208
587758
591690
585272
581561
586101
576487
581512
604506
570836
575983
575025
581579
585950
572942
578909
567994
590095
576437
572097
579588
581665
580194
571988
570089
582149
580306
572735
566607
582169
573748
570624
568631
572451
573234
565488
574699
567692
564198
560555
563491
562110
565383
562499
573453
570290
572013
559312
566702
563995
563378
561013
555577
555284
562917
570937
559376
565085
555279
558716
544154
553773
558370
559145
561405
552785
561978
555181
556521
556571
552174
542496
553979
540848
542060
558523
543379
542516
555233
554215
556238
551745
546895
546779
558982
535130
542884
549495
550517
551366
541911
550864
536139
555385
554603
547279
548257
549508
540519
538779
542165
539507
549352
537752
546186
541904
532615
536593
535958
552493
549200
547141
533387
531222
540427
533579
528756
540182
551510
548615
545059
540194
533382
539022
539749
530138
544545
536116
539383
533946
533837
529574
545310
522676
530098
531606
516710
525878
531219
520704
530502
539527
529522
526362
538126
545102
536648
527485
523796
530910
537757
528210
529005
519036
527339
533447
527601
518553
525412
530464
519866
521572
514841
524962
530028
525896
526128
523058
537655
530451
538490
519904
518899
522799
526306
521730
510522
517031
535427
521894
519117
517333
520007
522647
516944
514119
