1.64256e+06
1.18048e+06
885735
852601
855397
827692
848026
831086
846603
825221
840857
825208
818741
811094
825441
804948
800534
806968
800345
795658
788918
787774
783357
769400
765671
765274
761497
770764
765413
743681
755140
741431
740762
735669
741003
727378
728943
709685
728275
705499
710587
707489
707571
690833
669389
685960
685313
669059
666719
658307
665377
661450
648627
653401
632064
633105
619240
626424
619806
611631
606558
596186
586441
604941
597175
576050
576626
588452
569587
575836
552901
554113
548766
549096
540512
536253
536599
535164
519957
536946
507929
512907
513630
495185
512238
508014
505382
506371
483885
489434
480257
487009
481201
478452
475953
469218
457513
480594
443159
463790
443107
461665
467515
458721
446748
436700
450115
451318
445295
463535
430249
431621
445498
428963
439214
444162
422818
427748
425331
419555
437876
429338
421957
422355
420639
423092
424589
421429
404112
406625
417130
407966
408429
415513
397099
411406
412360
398369
402848
408069
399755
399867
405357
401307
389496
391772
395792
389825
397685
380397
391101
393958
374957
391974
377994
394778
383330
400832
389728
393943
395239
386172
393891
389852
380937
398023
385597
389776
376836
395060
387629
381502
383792
382891
374942
385198
379639
370549
370946
382914
389958
370736
371585
367549
384953
367515
371582
370373
369271
387568
381536
381013
376390
365517
370095
367982
374655
382860
370138
371043
369997
370495
372919
366822
372839
373795
374276
367734
358122
374413
377401
362178
357993
367867
362594
366030
367720
359054
376432
361189
357630
375336
362687
369004
380278
363652
374638
361221
364329
357111
360717
377881
350644
367700
364318
363252
361388
360465
359382
358081
363510
363727
355190
354263
350244
359094
356265
349184
353361
359759
372629
357978
350636
369732
365771
362794
361858
352985
354226
354751
365838
355269
348520
370954
354851
346685
361934
364101
364406
352010
362433
349333
352888
354037
360580
357950
357679
358821
356953
359062
361306
352826
354605
359841
352362
356501
359689
360470
352453
354599
353441
349453
355399
361630
347937
357010
357092
354169
351559
348408
349804
343143
344050
361821
349379
342164
355446
350897
342056
349434
356009
349971
362004
348371
350848
351094
351841
353274
349451
359942
353550
353124
359952
341873
343822
348879
350353
340088
348123
355396
344149
360845
356621
345316
351114
366444
354192
343396
340915
362884
349788
345568
353691
353887
354756
348191
343817
353975
342775
341198
353665
345406
342823
352943
343794
349284
349024
354849
350471
350048
347142
345432
349177
342585
345602
343344
338378
339638
352061
344956
346455
349495
350906
339752
343424
341481
339268
356395
352862
342149
349619
352199
341710
346228
342733
345357
343941
342934
345441
356746
346729
351803
339083
340582
344427
341458
339429
351497
355208
326714
343201
347759
346500
342430
350007
351966
342715
346815
348720
341856
347290
360209
350149
340298
341044
340938
355879
349907
342793
341312
348252
340333
338723
354045
349783
343540
349079
345760
346430
329312
338088
341989
353585
343642
346454
344026
333903
334610
350208
339195
346976
343388
340561
342055
339151
340222
352342
333932
347862
345058
334796
344672
348356
337375
341299
351162
345099
339925
345603
348383
343172
346114
333929
339659
347200
342049
343220
338944
343583
342096
344881
340466
347848
344332
339477
346313
336618
340866
343865
349953
344424
339149
351942
340674
346503
338988
339246
335868
337862
343381
332017
343141
349374
331693
337918
337631
341183
341287
338123
349691
