1.68263e+06
1.05134e+06
804233
797416
794104
778876
792928
784620
792361
775034
788376
775730
774378
761823
761201
754048
744637
748752
738461
736612
736086
729127
727402
711020
708087
706645
704173
709323
694976
690783
691597
674252
680937
675622
671941
670814
668554
660135
662869
649060
652256
646048
648082
638358
617679
631177
622976
621906
610485
600975
606624
609706
602934
597484
582138
581771
577812
580619
578553
562527
559137
556673
546004
557646
547557
539042
533032
542075
529059
524838
517421
518611
510945
506791
509633
501891
500652
501414
493495
498807
481594
487202
486752
474881
479625
479419
474993
475978
464331
465072
458068
460822
453557
457970
449575
446986
437030
450202
427709
436748
425602
438233
439794
431819
427536
419690
426672
426998
422036
432644
412245
415191
418926
408205
413928
415385
405107
405483
405855
403637
411819
405464
401328
401433
401744
402899
400679
402566
384371
391176
394097
386546
384238
388914
382054
389855
386219
381917
384341
388076
381242
385225
385520
381140
374428
376575
374261
373878
376147
365606
374160
370663
359837
380511
363270
380375
368389
377708
365930
374830
373154
367168
373229
374027
364481
374801
366296
364174
358884
369539
369806
365307
365012
367988
355889
366657
358528
354408
352478
360253
368395
348853
355617
349371
360700
350744
351909
357394
345117
362404
360324
357259
355688
347787
348862
351582
357164
362948
344820
349752
347814
349650
346613
350153
350202
353869
355093
350569
343867
356528
350225
341091
341587
350431
347661
348860
347205
340463
348006
337075
337046
352416
344137
345358
351182
342217
348714
341850
344407
335930
343852
356221
334680
344766
346004
340282
341741
343716
340074
342714
342276
340008
338316
334437
331699
342907
336333
326404
330312
333337
344974
337951
331233
344843
340622
337574
341028
333216
339409
339964
337742
337896
329062
340398
336255
326876
339336
340779
339696
333666
339401
329442
334445
336645
343256
335397
331008
337631
332654
334229
334820
332208
332609
332570
326180
327644
338492
337724
332974
329855
331815
325252
333013
337268
329151
332775
334466
329827
327103
327447
326294
319223
325035
338307
333008
321230
330083
326763
320888
327014
334000
331619
338134
325747
329695
329656
330752
332536
322058
333371
328333
327256
331730
322157
324885
324979
328341
321722
329636
330368
324499
338208
328360
320988
329167
338428
327885
322350
326181
337080
328805
321512
323948
327332
332399
318925
320598
329142
323761
326585
336024
322480
322989
326421
321576
325411
324905
329636
327061
330594
325336
322553
328125
322463
323472
323639
321203
316514
327641
324064
322646
322184
325990
312823
323540
320938
317464
331615
325285
321374
321861
320490
316661
323044
321457
325404
322132
317609
321096
334078
324329
326173
318033
321761
323714
320164
317048
326636
327583
306550
317672
324671
322894
319697
326998
320614
318463
323292
320994
315978
320153
328863
324753
315283
317843
319923
328472
320423
317638
317966
320861
319651
314853
328626
326600
319343
322511
314859
318570
310303
316561
319383
327493
324032
325951
322812
314254
313987
325083
315781
321249
320490
319077
318077
319641
315337
323741
313546
322873
317400
317188
322259
321950
315990
319938
323058
321438
316734
316765
326459
317764
318135
310976
315257
321440
317875
312150
312032
318914
319006
322401
319976
321417
320809
312554
324294
315542
319911
316062
322114
312654
312934
325950
316167
320482
311084
315568
310335
311950
320559
314128
318012
327888
311888
316154
317067
314180
317883
313404
328324
