1.20316e+06
983153
937429
893728
859854
832876
802924
752182
675589
630128
615140
560955
538068
505196
492056
492253
477277
463974
485614
485065
448430
451614
454015
444717
452561
443536
463989
465089
441588
436695
441708
436906
448524
432714
439786
432810
465462
446504
429693
443439
422758
452035
432711
437365
436912
434882
440506
418185
428237
444516
441367
412691
427653
428168
424066
439493
423641
422673
434703
426595
432691
422213
427602
460251
441500
429334
434826
418031
414922
418692
432199
440311
444054
439675
414758
430787
429148
419030
429001
415066
