1.16461e+06
985612
946753
912349
884633
862627
826368
770840
739327
679929
632229
593639
547922
556976
535892
518629
503115
487770
500640
490366
486712
495781
479488
465687
470649
492857
467607
490404
472614
467102
455727
474904
465757
469563
475426
465365
480893
455701
449318
445778
461859
451409
450263
461301
466835
457657
456902
459350
468073
455479
458553
447749
459150
441478
450879
466525
462601
440412
446766
466882
434297
448697
450355
475430
456396
457048
468218
437435
447324
449372
456669
443980
432126
458280
434409
460039
463021
461345
436233
467571
