1.66235e+06
1.0916e+06
825694
808994
806009
789254
799277
792743
801355
786093
795096
784483
786363
774248
773592
762265
759956
760176
751662
747526
751123
741405
738234
723929
722966
722178
714401
719332
704564
697146
699040
682919
685578
683440
677338
668552
670405
664008
665694
645774
652882
651106
648281
635511
617474
630681
626880
619988
601975
604116
603113
610010
599602
606845
583301
586088
577175
578775
576743
563419
560905
555576
546570
559493
552477
542459
536770
546966
535783
534228
522668
521659
517474
515259
518172
506104
510222
512242
495843
506423
486454
495809
491949
482697
489995
482818
485740
481865
474137
474029
460723
467230
464577
469443
456499
457350
448123
465069
432132
448962
430272
448031
450141
443293
438230
421849
433976
434214
431045
443040
418851
418338
428483
410882
422550
426948
413353
414627
412939
408898
419238
413474
407224
406961
400821
406571
409403
404819
389874
392118
398158
390647
390281
394743
382408
392453
397977
386964
386590
391684
379550
383394
384534
383101
375126
375461
377885
372149
382576
363359
376293
375972
361577
374431
364233
375640
366780
381216
368066
374766
374234
366822
376786
372050
366093
374154
366811
370358
359705
372744
367369
366654
359734
366163
356002
364031
358552
349340
353182
356484
370861
351339
350900
350799
357323
348102
349990
349500
347149
363733
362368
359843
355317
341757
347389
349063
350566
360691
349453
348706
354611
350658
349153
347757
343942
351215
351524
349149
337766
352165
349413
340712
339242
346714
343529
344173
344573
339068
353302
340852
337629
354583
339645
341614
357021
340712
349384
340936
342087
331082
337902
354747
328308
337972
340832
338267
339559
337983
337060
339011
340542
343463
331135
332927
327782
339886
333934
327242
331392
337538
347376
338940
329907
343963
343083
338742
337899
330763
335315
334082
337263
335082
329394
344392
333048
326238
336010
342144
341037
331820
338353
329106
332511
334414
340489
335278
333458
331165
333738
335012
337982
330488
329267
335277
328374
332355
333197
340002
329496
332799
329976
324748
335464
335668
327628
332920
331615
330536
328259
327352
329029
319764
323120
335965
327436
321842
333530
322809
319287
322685
329769
331212
336923
330182
324357
327120
327841
326018
326886
332836
330263
327795
336103
322640
319690
327016
327054
319668
323107
327352
319112
332540
336952
326098
328467
338516
331238
323169
321605
336351
324870
321181
324581
327258
328361
324117
321951
329551
324508
321413
332472
325014
319921
328498
320405
327205
328062
331813
327057
324617
320963
321447
324452
321212
323177
325070
319454
317570
327791
324375
322764
326962
325168
316822
320948
315849
318174
330927
326408
318745
323396
327836
321122
322061
322445
324619
322256
317312
317978
331541
324929
325562
317567
318952
320521
321341
318937
331094
329037
306789
318937
320545
323346
319309
327623
322398
315592
321922
325707
316172
324281
332897
325090
315130
318646
316923
329829
323949
318181
321292
326168
320600
317445
331735
322798
320357
324505
318832
321689
310241
318733
319443
326713
319528
319701
322918
313995
314411
326089
315183
324823
320165
317342
319733
317846
315154
327595
312760
324049
322669
311583
321244
324330
315120
314884
324945
320991
317238
325537
323344
318782
320745
311406
317744
327076
320692
319008
315476
323011
318615
326088
315768
319997
318139
310361
319038
310555
315765
320023
320666
318089
314065
323899
318690
321174
316442
317898
312635
315645
320628
311949
315460
327554
311590
315098
313732
319527
316798
312396
327049
