1.70754e+06
1.31885e+06
928758
853949
846619
826796
845411
825611
841587
819852
834048
815751
812257
805047
814397
794538
786115
796112
794363
784138
776014
780631
774990
756935
755716
754647
745167
762150
745912
731767
741522
723853
726347
720968
726617
710032
712748
697681
710909
686179
697995
693051
692678
678597
655333
672847
669651
656513
650400
639883
643298
652445
635370
642600
617715
618265
604017
612271
606261
596428
595079
582644
571257
592752
580603
566455
562745
569884
557847
562188
539830
538041
539052
541943
533758
528584
525214
527488
508122
527983
495618
507314
505453
488005
499577
500697
495067
495024
479826
479212
465892
476683
471185
474212
465113
465046
451789
471030
437072
456905
437278
456838
461667
448101
439449
433856
444514
443228
438607
457351
425340
423958
437921
421202
429621
434532
419556
421157
418854
415870
430021
422201
413838
414021
410450
414884
415900
413295
394460
397403
407948
403120
399970
409783
393878
408668
406763
396744
399359
406737
394595
395845
403025
397550
385830
390460
390580
385478
390984
376040
385989
391506
370537
385860
373701
390659
379497
395876
380467
389025
390825
383145
390515
387554
377247
393998
378574
384080
372062
389946
382035
378479
379589
381345
369502
381417
374707
368845
368087
376433
386523
366921
367971
363846
377294
365557
366319
369684
365168
383803
374781
377046
374757
362396
364200
364651
371213
380466
366369
368785
368073
367844
368832
364701
368166
366562
370346
365295
356724
373261
374083
358439
355603
366402
359306
363308
362161
355645
375510
354678
356936
370384
361222
366901
377744
362903
370996
360665
362214
355984
357976
375510
348356
364508
362123
360978
358416
358152
358222
356917
360444
360388
351869
352323
347321
359033
353208
347105
349427
359109
368792
356812
349557
365182
363609
359076
358717
350905
352535
354191
362211
352501
344859
369639
352422
344787
359583
361630
362866
351768
359299
349329
350879
353276
360982
354425
355603
357398
354309
358512
361117
352178
354809
358425
350553
352396
357740
355536
351476
350211
354304
346246
353618
360577
347102
357070
354184
352329
348472
349750
349090
342243
341771
356993
347924
339932
354381
347009
340484
346195
354137
349755
359121
346883
345820
350342
350257
349962
345920
357249
351680
352601
356493
340253
340066
345567
348126
335679
346907
353617
340971
357395
355692
343908
351758
365684
351852
340005
341193
364046
349585
345456
349849
352428
354401
345176
341719
354154
344179
340647
353657
344656
340801
352969
346686
348552
349011
354823
349997
350564
345971
347339
348886
341033
345979
346198
340724
337704
354897
346811
343155
348503
350210
338196
341781
342394
338152
354684
351330
341056
348304
349044
341222
344977
343526
345154
343591
340019
346821
356408
347900
350454
338785
338802
340845
338069
338222
351370
352615
324690
340291
346290
345749
343499
349553
348342
340114
350963
350254
340241
346660
357618
348013
339105
340822
341599
357925
347328
341028
341125
347879
339362
337873
356326
353856
343348
347625
344024
347077
331466
340850
346899
355155
344844
348387
346134
333958
334812
352736
340410
346144
341443
338446
341099
340234
339866
354494
334251
346484
346051
335977
342699
347474
335362
340097
351340
345819
340075
343698
350101
344006
347224
334538
339863
350016
341629
339509
335780
340055
339742
342754
337519
345355
345288
337736
346788
334454
341236
341983
348539
343035
340260
354361
343908
349346
341327
340681
337466
337683
346920
332652
341493
347273
332872
343906
337990
343180
340408
336427
350966
