1.68014e+06
1.10463e+06
836655
819397
818704
790732
810162
799467
809985
795064
807700
792634
797259
784776
783699
775866
775662
776310
768554
764365
764181
756522
751555
738943
736284
733940
730010
736550
724440
711477
714789
696464
704236
700141
693749
685543
686352
678337
682037
660868
666554
663012
665979
655256
631316
642802
643925
635461
615008
619082
616727
625239
612225
619317
597274
600285
590903
589620
593477
572007
575204
567365
560094
571801
563052
549615
552497
558102
548528
541065
536666
528622
529817
527548
529036
516633
522230
523127
508547
517886
492640
504082
500328
490081
500570
494799
487933
491870
481564
482787
469964
474991
473949
473315
464168
466038
455529
468662
439954
459111
439942
453586
457600
447920
438074
431479
440209
439511
436571
452195
429652
425977
432796
415511
427458
429384
413773
416917
416167
411040
421224
414869
409649
407170
402984
406698
409719
407261
389154
393699
398282
391670
391377
395372
382934
392509
397855
386211
385110
390321
378737
382428
384757
383737
371774
375721
373607
370119
377435
361323
377382
375777
358475
371348
361306
374121
366404
377689
366705
371185
374470
364059
374040
370119
361692
374040
365102
367575
357452
371674
364430
363288
358723
363250
353172
362104
355788
347835
349717
356141
367625
348089
349761
349140
352556
345406
346547
348426
342069
364420
360615
357071
350876
340101
344090
345927
349049
356442
345704
342968
349401
344333
347845
344285
341758
347776
348671
346679
335367
350499
348521
339602
336158
343526
342150
339758
342113
337141
352863
338992
335147
349093
336875
341270
352558
340149
347963
340750
340417
330269
336184
349475
326973
335698
338358
335124
335961
334833
334312
335505
337701
341007
328749
328684
325246
338654
331283
325077
328569
336113
346285
335913
329677
342419
341911
337710
336879
329191
333838
330598
334479
330798
325582
339102
328638
323223
332911
338452
337775
328398
334673
324857
331114
330860
338112
335610
330456
329451
331269
331639
334217
328034
327090
331873
325306
329292
329230
334186
326627
329523
327747
323933
332537
332447
324266
332692
327763
328750
325575
322743
325637
317593
320521
334171
326328
319625
329924
321980
316036
321131
326534
329353
333841
326806
321530
324219
325770
325954
324287
331089
326885
326125
332164
319238
316741
323909
324881
316713
320341
325521
317520
329686
331987
324374
327153
336120
329622
323135
320498
333865
323834
318595
323021
324341
329269
321128
319079
325289
321199
319209
328178
318915
316985
326966
317816
324475
325871
330509
323597
322951
318584
319848
324005
317186
321006
320562
315994
314916
327951
323191
321405
323384
321614
314538
319377
313308
317864
326032
324732
315103
321100
324470
318865
320303
320297
322725
319700
315779
318208
332201
324109
324603
313288
317202
319828
316720
315507
326336
326671
306953
316056
320596
319001
315568
326240
322152
315665
323946
324272
314860
323559
331863
322645
313798
315645
316339
330627
322770
318572
319922
324477
318785
315906
328992
324453
320623
325579
316022
319235
308006
317127
319755
327062
318491
320712
320582
313336
313173
324896
315727
322693
319602
317426
317577
317598
313478
327182
311298
322158
321647
310988
319174
322866
313158
314458
323850
320541
316730
323135
322481
320344
320641
309848
313639
323506
317635
317859
315033
321922
316571
323160
314772
318598
317371
308475
317262
309667
315133
319372
319107
319580
314066
324340
316149
318505
316097
316270
311804
316663
321054
311020
313783
325808
311240
313351
310256
319525
315573
310157
324523
