1.74526e+06
1.24394e+06
867052
829564
832435
805999
822956
809643
823753
807375
817855
803525
800624
789575
795634
783441
777135
778166
772883
765409
768584
759367
749328
740194
740381
732752
729148
737443
724446
713624
716836
696775
700749
702538
698513
689369
689126
676582
682973
660256
669165
669189
663195
655528
630310
645491
650706
640861
622945
618470
622047
629114
611055
621959
606028
597920
593994
593717
592255
575173
577279
566005
559630
572442
557584
556265
546894
553988
545173
550207
534850
529261
532259
531852
528811
516966
516050
515977
503968
514998
487699
499716
498630
482806
498562
491241
486731
486698
476819
478108
462993
471107
464161
468616
460171
459381
447028
464370
434047
450958
428160
446253
450866
444827
430856
424558
434218
439742
431750
447311
417204
416040
427546
410720
424099
424161
406936
412464
410211
407780
420016
412025
402126
403506
399519
401705
407323
405315
384349
391232
400829
392928
389754
398514
382833
395169
396325
384621
385191
388416
380521
381987
387456
384584
374582
377939
377548
376558
382205
367806
375181
380959
363092
372568
366597
377246
365752
378607
371835
375089
378392
369702
381177
370895
365269
383002
371118
373720
363378
378720
372238
367913
366166
373342
358058
367040
364375
360205
360572
366883
375181
354620
358584
358043
363122
352478
355417
358546
354752
373192
363187
365150
362191
348663
352918
354321
358944
367376
354636
356126
358338
357574
360156
356670
354735
354172
359838
355340
345174
364188
360673
349772
346336
355052
354156
351342
353479
348798
365210
348133
347597
364329
347947
351599
366789
351963
360244
348226
354574
340924
345222
364290
333159
351520
350981
350572
344647
347733
346134
345818
348239
353454
342862
345852
338335
348379
344861
340914
340925
348494
357539
345647
341107
353941
350506
344631
347675
334463
343754
337750
346422
344168
340467
356687
341205
333713
348885
354322
351608
338323
347770
335626
345557
342947
349715
342134
343438
347010
345192
346594
348545
341368
341375
344742
341496
344548
345149
344736
341983
340403
340706
334306
343367
344833
336807
345727
342898
344226
340597
335314
345765
332756
336929
344609
336196
334039
343834
335476
329084
336963
343954
339535
350292
336092
335640
338423
339631
340640
336415
347888
340164
337188
346392
331546
331693
335158
336613
327682
337406
344964
328870
345192
345685
333064
336992
354942
337248
333191
331152
349659
336914
332424
341438
344558
344528
334845
334893
344532
330984
330560
339996
330390
335408
342522
336584
336132
336748
345118
339807
335702
329920
333265
335737
331656
333059
336718
325858
324415
339044
334366
338613
338860
336149
327710
329407
329079
330778
344592
339256
329402
340654
338024
333606
335190
334505
337695
335518
331518
335607
348045
337431
341841
325568
327638
332595
329216
330500
341083
342710
317798
331882
335801
336715
328823
342253
336384
326249
336892
342002
331763
341171
346018
339502
327966
330461
331755
345250
335729
330307
332341
339375
330790
328040
344157
341856
334753
339112
335911
337136
319988
330915
336540
344407
331992
335022
338250
325115
327306
341889
327556
337129
329561
331279
330480
331566
328182
343657
323039
338169
336951
326789
333164
334812
325521
327401
336822
332694
328041
336777
335896
337964
335759
322624
328919
338583
332706
330963
326363
332784
330448
332532
324528
338696
336728
326671
338163
322705
326904
337116
337219
335641
330214
338836
335387
337862
333163
331051
325698
328266
336824
326732
332616
339800
324727
332717
325460
329788
331954
325918
337427
