0 891 41.9668 -87.6919
78 537 42.0209 -87.7002
338 588 42.0016 -87.7082
869 1477 41.9843 -87.6709
1060 1680 41.9857 -87.7407
1266 2092 41.9747 -87.6773
2075 2427 42.0041 -87.7164
2222 2930 41.9871 -87.7407
2282 2770 41.9963 -87.7008
2355 3340 41.9836 -87.6623
2530 3169 41.9895 -87.7419
2594 2898 41.9876 -87.7139
3137 3901 42.0394 -87.7278
3290 4112 42.0465 -87.6819
3398 4256 41.9747 -87.6787
3418 4485 41.9644 -87.6652
3625 4581 41.9695 -87.6804
3697 4665 41.9787 -87.7375
3897 4933 41.9928 -87.6786
4279 4915 41.9786 -87.6976
5358 6065 42.0488 -87.7036
5583 6181 42.0443 -87.6956
6478 7252 42.0385 -87.6851
6577 7324 41.9701 -87.7237
7294 7789 41.987 -87.7017
7335 8083 41.9674 -87.7158
7439 8408 41.9778 -87.6817
7705 8566 41.9739 -87.679
8050 8775 41.9766 -87.716
8053 8343 41.9945 -87.7202
8385 9132 42.0495 -87.7025
8645 8909 42.0312 -87.714
9071 9624 41.9875 -87.6625
9291 9737 41.994 -87.7374
9935 10505 41.9939 -87.7337
10641 11378 41.9746 -87.6641
10975 11451 42.0008 -87.6924
11394 11930 41.9752 -87.7157
11564 12179 42.0284 -87.7026
11736 13061 41.9994 -87.7591
11791 12018 41.9911 -87.714
11822 12193 42.0308 -87.7256
11946 12454 42.0169 -87.7321
12192 12486 41.9914 -87.7165
12357 13388 41.9712 -87.6865
12452 12946 41.9908 -87.6667
12664 13312 41.9786 -87.7004
13223 14136 41.9798 -87.6715
13801 14225 42.0324 -87.7147
14261 15033 41.9955 -87.7032
14339 15004 41.9882 -87.7164
14579 15043 41.9983 -87.6984
14629 14975 41.9959 -87.7067
14668 15491 41.9778 -87.6812
14762 15119 42.0058 -87.695
15214 15529 41.9997 -87.6819
15248 16325 41.9719 -87.6914
15251 15840 41.9936 -87.6958
15289 16452 41.9736 -87.6644
15358 16233 41.9826 -87.7124
15482 16492 41.9656 -87.7157
15774 15988 42.0333 -87.7135
16565 17013 42.0473 -87.714
16598 17424 41.9803 -87.7377
16736 17376 41.9842 -87.7264
16816 18022 42.0619 -87.7298
16912 17268 42.034 -87.7071
17064 17375 42.0003 -87.701
17226 17651 42.0299 -87.7339
17376 18222 42.048 -87.6936
17642 18469 41.9852 -87.6614
18025 18670 42.0281 -87.7399
18060 18986 41.9724 -87.6823
18128 18690 41.9864 -87.6968
18149 18849 42.008 -87.743
18451 18902 41.9935 -87.719
18475 19187 41.9771 -87.671
18500 19175 41.9779 -87.6755
19531 20174 42.0155 -87.7285
19646 20243 41.986 -87.662
19716 20501 41.9733 -87.676
19981 20700 41.9729 -87.7098
20838 21185 42.01 -87.6864
21258 21808 41.9825 -87.6715
21288 22181 41.9711 -87.6829
21414 22166 42.0208 -87.7413
21698 22197 41.982 -87.7137
22481 22822 42.0288 -87.7329
22740 23637 41.9652 -87.7059
22984 23494 42.0102 -87.7041
23148 24064 41.9709 -87.6805
23237 23699 41.9919 -87.7315
23373 23655 42.0019 -87.7058
23925 24559 42.0159 -87.6889
24724 25467 41.9888 -87.6994
25143 25627 42.0039 -87.701
25375 25747 42.0031 -87.7046
25667 26031 42.0003 -87.701
26056 26858 41.9894 -87.6651
26086 26986 41.9627 -87.7193
26202 26814 41.9845 -87.7394
26743 27080 42.0009 -87.726
26822 27176 41.9922 -87.7264
27908 28864 41.9747 -87.6843
28132 28577 42.0084 -87.7033
28587 29158 42.0412 -87.6965
29108 30016 42.0392 -87.6921
29265 29835 41.9779 -87.7124
29541 30530 42.0456 -87.6872
29644 30346 41.9764 -87.7111
30319 30946 41.988 -87.6567
30636 31457 41.9733 -87.6783
31327 32130 41.9756 -87.6779
31531 31872 41.9957 -87.7042
31600 32350 41.9924 -87.7434
31878 32174 41.9904 -87.7122
32129 33052 41.9653 -87.6634
32497 32678 41.9972 -87.7223
32584 32995 41.9798 -87.7149
32788 33476 41.9845 -87.7394
32858 33440 42.0142 -87.7069
33331 34285 41.9629 -87.7215
34369 35342 41.9888 -87.7341
34394 35193 41.9735 -87.6778
34634 35177 42.0166 -87.7012
35273 35713 42.0184 -87.6993
35844 36060 42.0064 -87.6847
