0 540 41.9354 -87.728 1
38 539 41.9126 -87.6909 1
104 755 41.9182 -87.7144 1
104 856 41.9796 -87.71 1
141 690 41.9692 -87.6975 1
154 861 41.9885 -87.7452 1
159 974 41.9752 -87.6722 1
163 951 41.9707 -87.7795 1
230 780 42.0286 -87.7414 1
273 765 41.9596 -87.683 1
349 972 41.9654 -87.6839 1
357 783 42.0275 -87.7255 1
384 737 41.946 -87.6751 1
414 1152 41.9406 -87.7517 1
477 1306 41.9499 -87.695 1
477 1040 41.957 -87.6723 1
514 1469 41.9524 -87.6767 1
523 1618 42.0449 -87.6869 1
548 1627 41.9335 -87.6684 1
584 1330 41.947 -87.7501 1
586 1410 41.9881 -87.6957 1
627 1967 41.9473 -87.6688 1
644 1850 41.9743 -87.7591 1
651 1537 41.9344 -87.7349 1
656 921 41.8996 -87.6728 1
764 1488 41.9179 -87.6972 1
851 1986 41.9724 -87.7 1
911 2188 41.9522 -87.6658 1
912 2092 41.9942 -87.7687 1
915 1785 42.0655 -87.7214 1
921 1692 41.9229 -87.6969 1
1021 1863 41.9717 -87.7734 1
1064 1482 42.0063 -87.6885 1
1082 1997 41.9306 -87.6683 1
1088 2216 41.9743 -87.7575 1
1145 2138 41.9407 -87.6856 1
1152 1640 41.9309 -87.7286 1
1178 2679 41.9296 -87.7574 1
1238 2189 41.9149 -87.7004 1
1266 2616 41.9275 -87.6963 1
1273 2163 41.9851 -87.6706 1
1293 2341 41.9345 -87.7234 1
1313 1738 42.022 -87.7307 1
1321 1876 41.9882 -87.6993 1
1328 2042 41.9807 -87.7112 1
1350 1680 41.8986 -87.6785 1
1384 2469 41.9342 -87.6739 1
1462 2973 41.9118 -87.7201 1
1476 1893 41.9778 -87.6721 1
1537 2617 41.9591 -87.7323 1
1578 1758 41.9572 -87.7057 0
1599 2465 41.9841 -87.7138 1
1618 1972 41.9725 -87.675 1
1625 2985 41.9715 -87.7171 1
1643 2384 41.9783 -87.6926 1
1656 2314 41.9816 -87.6709 1
1657 2360 41.9426 -87.6598 1
1698 2970 41.9587 -87.7625 1
1712 3223 41.9657 -87.7078 1
1731 3587 41.9691 -87.7819 1
1756 2762 42.0306 -87.7317 1
1764 3192 41.9794 -87.7209 1
1771 2231 41.8931 -87.6836 1
1781 2940 41.9327 -87.7074 1
