136 540 41.9359 -87.7146 41.9354 -87.728
59 539 41.8983 -87.6763 41.9126 -87.6909
299 755 41.9359 -87.7146 41.9182 -87.7144
335 856 41.9995 -87.7134 41.9796 -87.71
246 690 41.9693 -87.7279 41.9692 -87.6975
173 861 41.9995 -87.7134 41.9885 -87.7452
755 974 41.9823 -87.668 41.9752 -87.6722
176 951 41.9693 -87.7279 41.9707 -87.7795
334 780 42.0272 -87.7165 42.0286 -87.7414
284 765 41.9388 -87.6657 41.9596 -87.683
405 972 41.9823 -87.668 41.9654 -87.6839
554 783 42.0272 -87.7165 42.0275 -87.7255
506 737 41.9388 -87.6657 41.946 -87.6751
482 1152 41.9359 -87.7146 41.9406 -87.7517
743 1306 41.9388 -87.6657 41.9499 -87.695
585 1040 41.9388 -87.6657 41.957 -87.6723
908 1618 42.0272 -87.7165 42.0449 -87.6869
539 1149 41.9126 -87.6909 41.8983 -87.6763
540 1075 41.9354 -87.728 41.9359 -87.7146
630 1330 41.9359 -87.7146 41.947 -87.7501
951 1410 41.9995 -87.7134 41.9881 -87.6957
1346 1850 41.9693 -87.7279 41.9743 -87.7591
1075 1537 41.9359 -87.7146 41.9344 -87.7349
823 921 41.8983 -87.6763 41.8996 -87.6728
690 1198 41.9692 -87.6975 41.9693 -87.7279
737 1131 41.946 -87.6751 41.9388 -87.6657
1131 1469 41.9388 -87.6657 41.9524 -87.6767
755 1273 41.9182 -87.7144 41.9359 -87.7146
910 1488 41.8983 -87.6763 41.9179 -87.6972
765 1493 41.9596 -87.683 41.9388 -87.6657
1493 1627 41.9388 -87.6657 41.9335 -87.6684
780 1240 42.0286 -87.7414 42.0272 -87.7165
783 1158 42.0275 -87.7255 42.0272 -87.7165
1309 1986 41.9995 -87.7134 41.9724 -87.7
856 1469 41.9796 -87.71 41.9995 -87.7134
861 1565 41.9885 -87.7452 41.9995 -87.7134
1211 2092 41.9693 -87.7279 41.9942 -87.7687
931 1785 42.0272 -87.7165 42.0655 -87.7214
921 1049 41.8996 -87.6728 41.8983 -87.6763
1087 1692 41.8983 -87.6763 41.9229 -87.6969
951 1734 41.9707 -87.7795 41.9693 -87.7279
972 1577 41.9654 -87.6839 41.9823 -87.668
974 1251 41.9752 -87.6722 41.9823 -87.668
1198 1863 41.9693 -87.7279 41.9717 -87.7734
1040 1687 41.957 -87.6723 41.9388 -87.6657
1687 1967 41.9388 -87.6657 41.9473 -87.6688
1224 1482 42.0099 -87.6744 42.0063 -87.6885
1734 2216 41.9693 -87.7279 41.9743 -87.7575
1152 1926 41.9406 -87.7517 41.9359 -87.7146
1273 1640 41.9359 -87.7146 41.9309 -87.7286
1926 2679 41.9359 -87.7146 41.9296 -87.7574
1538 2189 41.8983 -87.6763 41.9149 -87.7004
2024 2163 41.9823 -87.668 41.9851 -87.6706
1306 1918 41.9499 -87.695 41.9388 -87.6657
1918 2188 41.9388 -87.6657 41.9522 -87.6658
1343 1738 42.0272 -87.7165 42.022 -87.7307
1469 1876 41.9995 -87.7134 41.9882 -87.6993
1565 2042 41.9995 -87.7134 41.9807 -87.7112
1330 2184 41.947 -87.7501 41.9359 -87.7146
2184 2616 41.9359 -87.7146 41.9275 -87.6963
1579 1680 41.8983 -87.6763 41.8986 -87.6785
1410 1891 41.9881 -87.6957 41.9995 -87.7134
1469 1810 41.9524 -87.6767 41.9388 -87.6657
1810 1997 41.9388 -87.6657 41.9306 -87.6683
1722 1893 41.9823 -87.668 41.9778 -87.6721
1482 1753 42.0063 -87.6885 42.0099 -87.6744
1488 2104 41.9179 -87.6972 41.8983 -87.6763
2104 2973 41.8983 -87.6763 41.9118 -87.7201
1537 2094 41.9344 -87.7349 41.9359 -87.7146
2094 2341 41.9359 -87.7146 41.9345 -87.7234
2122 2465 41.9995 -87.7134 41.9841 -87.7138
1618 2388 42.0449 -87.6869 42.0272 -87.7165
1638 1972 41.9823 -87.668 41.9725 -87.675
1627 1809 41.9335 -87.6684 41.9388 -87.6657
1809 2138 41.9388 -87.6657 41.9407 -87.6856
1640 2075 41.9309 -87.7286 41.9359 -87.7146
1952 2384 41.9823 -87.668 41.9783 -87.6926
1680 1816 41.8986 -87.6785 41.8983 -87.6763
1692 2329 41.9229 -87.6969 41.8983 -87.6763
2075 2970 41.9359 -87.7146 41.9587 -87.7625
1738 2205 42.022 -87.7307 42.0272 -87.7165
2430 2762 42.0272 -87.7165 42.0306 -87.7317
2027 2231 41.8983 -87.6763 41.8931 -87.6836
1785 2676 42.0655 -87.7214 42.0272 -87.7165
1850 2355 41.9743 -87.7591 41.9693 -87.7279
2355 2617 41.9693 -87.7279 41.9591 -87.7323
1863 2798 41.9717 -87.7734 41.9693 -87.7279
2798 3587 41.9693 -87.7279 41.9691 -87.7819
1876 2297 41.9882 -87.6993 41.9995 -87.7134
2362 2985 41.9995 -87.7134 41.9715 -87.7171
1893 2067 41.9778 -87.6721 41.9823 -87.668
2140 2314 41.9823 -87.668 41.9816 -87.6709
1967 2285 41.9473 -87.6688 41.9388 -87.6657
2285 2469 41.9388 -87.6657 41.9342 -87.6739
1972 2339 41.9725 -87.675 41.9823 -87.668
2339 3223 41.9823 -87.668 41.9657 -87.7078
1986 2701 41.9724 -87.7 41.9995 -87.7134
2701 3192 41.9995 -87.7134 41.9794 -87.7209
1997 2199 41.9306 -87.6683 41.9388 -87.6657
2199 2360 41.9388 -87.6657 41.9426 -87.6598
2042 2521 41.9807 -87.7112 41.9995 -87.7134
2092 3087 41.9942 -87.7687 41.9693 -87.7279
2138 2472 41.9407 -87.6856 41.9388 -87.6657
2163 2402 41.9851 -87.6706 41.9823 -87.668
2188 2546 41.9522 -87.6658 41.9388 -87.6657
2189 2971 41.9149 -87.7004 41.8983 -87.6763
2216 2802 41.9743 -87.7575 41.9693 -87.7279
2231 2453 41.8931 -87.6836 41.8983 -87.6763
2314 2510 41.9816 -87.6709 41.9823 -87.668
2341 2745 41.9345 -87.7234 41.9359 -87.7146
2745 2940 41.9359 -87.7146 41.9327 -87.7074
2360 2615 41.9426 -87.6598 41.9388 -87.6657
2384 2845 41.9783 -87.6926 41.9823 -87.668
2465 2810 41.9841 -87.7138 41.9995 -87.7134
2469 2695 41.9342 -87.6739 41.9388 -87.6657
2616 3061 41.9275 -87.6963 41.9359 -87.7146
2617 2905 41.9591 -87.7323 41.9693 -87.7279
2679 3437 41.9296 -87.7574 41.9359 -87.7146
2762 3177 42.0306 -87.7317 42.0272 -87.7165
2940 3136 41.9327 -87.7074 41.9359 -87.7146
2970 3869 41.9587 -87.7625 41.9359 -87.7146
2973 3987 41.9118 -87.7201 41.8983 -87.6763
2985 3640 41.9715 -87.7171 41.9995 -87.7134
3192 3694 41.9794 -87.7209 41.9995 -87.7134
3223 4155 41.9657 -87.7078 41.9823 -87.668
3587 4380 41.9691 -87.7819 41.9693 -87.7279
