61 418 41.8983 -87.6763 41.8973 -87.6556
709 1155 41.9823 -87.668 41.9713 -87.6763
248 563 41.9388 -87.6657 41.9483 -87.6575
442 755 42.0272 -87.7165 42.0313 -87.7293
177 592 41.9823 -87.668 41.9755 -87.6891
355 765 41.9823 -87.668 41.9693 -87.6762
459 896 41.9823 -87.668 41.9718 -87.6805
387 784 41.8983 -87.6763 41.8939 -87.6611
225 336 41.9359 -87.7146 41.9367 -87.7112
358 597 41.9388 -87.6657 41.931 -87.6728
336 538 41.9367 -87.7112 41.9359 -87.7146
1063 1239 42.0272 -87.7165 42.0271 -87.7209
418 809 41.8973 -87.6556 41.8983 -87.6763
543 1082 41.9359 -87.7146 41.915 -87.7102
543 699 41.9693 -87.7279 41.9731 -87.7331
563 996 41.9483 -87.6575 41.9388 -87.6657
844 1475 41.9359 -87.7146 41.9453 -87.7484
592 1016 41.9755 -87.6891 41.9823 -87.668
1016 1210 41.9823 -87.668 41.9881 -87.6619
597 919 41.931 -87.6728 41.9388 -87.6657
968 1068 41.8983 -87.6763 41.8985 -87.6747
869 1364 41.9995 -87.7134 41.99 -87.7373
944 1483 41.9359 -87.7146 41.915 -87.7102
713 1203 42.0272 -87.7165 42.0159 -87.7285
668 1223 41.9693 -87.7279 41.9708 -87.6934
699 973 41.9731 -87.7331 41.9693 -87.7279
1086 1373 41.8983 -87.6763 41.9051 -87.6662
755 1085 42.0313 -87.7293 42.0272 -87.7165
765 1230 41.9693 -87.6762 41.9823 -87.668
1230 1448 41.9823 -87.668 41.9877 -87.6731
902 1340 41.9388 -87.6657 41.9472 -87.6895
851 1484 41.9388 -87.6657 41.9659 -87.6842
784 1206 41.8939 -87.6611 41.8983 -87.6763
878 1213 41.9693 -87.7279 41.9652 -87.7105
1257 1892 41.9693 -87.7279 41.9724 -87.7698
1335 1618 41.9388 -87.6657 41.928 -87.6523
896 1347 41.9718 -87.6805 41.9823 -87.668
1347 1601 41.9823 -87.668 41.9873 -87.6586
1374 1744 41.8983 -87.6763 41.9135 -87.6702
1060 1586 41.9693 -87.7279 41.9656 -87.76
1068 1183 41.8985 -87.6747 41.8983 -87.6763
1086 1365 41.9359 -87.7146 41.9318 -87.7062
1082 1638 41.915 -87.7102 41.9359 -87.7146
1638 2087 41.9359 -87.7146 41.9206 -87.706
1155 1766 41.9713 -87.6763 41.9823 -87.668
1766 1910 41.9823 -87.668 41.9774 -87.6648
1203 1837 42.0159 -87.7285 42.0272 -87.7165
1210 1436 41.9881 -87.6619 41.9823 -87.668
1213 1575 41.9652 -87.7105 41.9693 -87.7279
1376 2012 41.9995 -87.7134 41.9854 -87.7445
1223 1787 41.9708 -87.6934 41.9693 -87.7279
1436 1894 41.9823 -87.668 41.9672 -87.6776
1575 1642 41.9693 -87.7279 41.9674 -87.7256
1390 1474 41.8983 -87.6763 41.8966 -87.6795
1239 1538 42.0271 -87.7209 42.0272 -87.7165
1390 1938 42.0272 -87.7165 42.0175 -87.7369
1787 2051 41.9693 -87.7279 41.9614 -87.7327
1340 1830 41.9472 -87.6895 41.9388 -87.6657
1364 1868 41.99 -87.7373 41.9995 -87.7134
1365 1678 41.9318 -87.7062 41.9359 -87.7146
1373 1660 41.9051 -87.6662 41.8983 -87.6763
1678 2109 41.9359 -87.7146 41.9463 -87.7296
1448 1757 41.9877 -87.6731 41.9823 -87.668
1757 2130 41.9823 -87.668 41.9777 -87.6878
2062 2357 41.9388 -87.6657 41.9504 -87.6702
1474 1583 41.8966 -87.6795 41.8983 -87.6763
1475 2127 41.9453 -87.7484 41.9359 -87.7146
2127 2462 41.9359 -87.7146 41.9251 -87.7158
1483 2107 41.915 -87.7102 41.9359 -87.7146
1484 2142 41.9659 -87.6842 41.9388 -87.6657
1892 2190 41.9388 -87.6657 41.9366 -87.6831
1914 2444 41.8983 -87.6763 41.9071 -87.6957
1586 2143 41.9656 -87.76 41.9693 -87.7279
2143 2344 41.9693 -87.7279 41.9728 -87.7257
1601 2173 41.9873 -87.6586 41.9823 -87.668
1991 2684 42.0272 -87.7165 42.0469 -87.7361
2107 2846 41.9359 -87.7146 41.946 -87.758
1942 2155 41.9995 -87.7134 41.993 -87.7073
1618 1903 41.928 -87.6523 41.9388 -87.6657
1642 1761 41.9674 -87.7256 41.9693 -87.7279
1761 2582 41.9693 -87.7279 41.9505 -87.7587
1911 2325 42.0272 -87.7165 42.0454 -87.7124
1744 2306 41.9135 -87.6702 41.8983 -87.6763
2201 3001 41.9995 -87.7134 41.9997 -87.7588
2108 2370 41.8983 -87.6763 41.8907 -87.6696
2173 2439 41.9823 -87.668 41.9899 -87.6663
2207 2331 41.8983 -87.6763 41.8985 -87.6815
1936 2069 41.9995 -87.7134 41.9964 -87.719
1892 2566 41.9724 -87.7698 41.9693 -87.7279
2566 2965 41.9693 -87.7279 41.9698 -87.7532
1894 2391 41.9672 -87.6776 41.9823 -87.668
1910 2131 41.9774 -87.6648 41.9823 -87.668
1938 2569 42.0175 -87.7369 42.0272 -87.7165
1963 2191 42.0272 -87.7165 42.0348 -87.7183
2012 2758 41.9854 -87.7445 41.9995 -87.7134
2249 2544 41.9388 -87.6657 41.9504 -87.6702
2051 2375 41.9614 -87.7327 41.9693 -87.7279
2375 2905 41.9693 -87.7279 41.9811 -87.7372
2069 2234 41.9964 -87.719 41.9995 -87.7134
2087 2571 41.9206 -87.706 41.9359 -87.7146
2571 3244 41.9359 -87.7146 41.9361 -87.7481
2109 2580 41.9463 -87.7296 41.9359 -87.7146
2580 2870 41.9359 -87.7146 41.9269 -87.7038
2274 2410 42.0099 -87.6744 42.0036 -87.6712
2130 2503 41.9777 -87.6878 41.9823 -87.668
2155 2401 41.993 -87.7073 41.9995 -87.7134
2190 2597 41.9366 -87.6831 41.9388 -87.6657
2191 2445 42.0348 -87.7183 42.0272 -87.7165
2767 3452 41.9995 -87.7134 41.9878 -87.7471
2325 2742 42.0454 -87.7124 42.0272 -87.7165
2331 2461 41.8985 -87.6815 41.8983 -87.6763
2344 2711 41.9728 -87.7257 41.9693 -87.7279
2711 3049 41.9693 -87.7279 41.9746 -87.7184
2417 2691 41.9995 -87.7134 41.9919 -87.7043
2357 2652 41.9504 -87.6702 41.9388 -87.6657
2400 2856 41.9823 -87.668 41.9696 -87.6792
2370 2668 41.8907 -87.6696 41.8983 -87.6763
2758 3371 41.9995 -87.7134 41.9917 -87.7425
2410 2670 42.0036 -87.6712 42.0099 -87.6744
2439 2727 41.9899 -87.6663 41.9823 -87.668
2444 3113 41.9071 -87.6957 41.8983 -87.6763
2533 2731 41.9823 -87.668 41.976 -87.6697
2462 2849 41.9251 -87.7158 41.9359 -87.7146
2849 3061 41.9359 -87.7146 41.931 -87.709
2544 2884 41.9504 -87.6702 41.9388 -87.6657
2578 3032 41.9823 -87.668 41.9641 -87.661
2582 3440 41.9505 -87.7587 41.9693 -87.7279
3440 3955 41.9693 -87.7279 41.9667 -87.6962
2952 3258 41.9388 -87.6657 41.9352 -87.6807
2721 2983 41.9388 -87.6657 41.9396 -87.6791
2727 2991 41.9823 -87.668 41.9761 -87.6767
2684 3377 42.0469 -87.7361 42.0272 -87.7165
2691 3004 41.9919 -87.7043 41.9995 -87.7134
3004 3395 41.9995 -87.7134 41.9857 -87.7029
2731 3058 41.976 -87.6697 41.9823 -87.668
3058 3619 41.9823 -87.668 41.9656 -87.6823
2988 3556 41.8983 -87.6763 41.9147 -87.6946
2899 3653 41.874 -87.6312 41.8434 -87.6428
2846 3635 41.946 -87.758 41.9359 -87.7146
3635 4492 41.9359 -87.7146 41.9268 -87.7609
2856 3317 41.9696 -87.6792 41.9823 -87.668
3317 3651 41.9823 -87.668 41.9725 -87.675
2870 3229 41.9269 -87.7038 41.9359 -87.7146
3229 3706 41.9359 -87.7146 41.9566 -87.7096
3061 3724 41.8983 -87.6763 41.8774 -87.6968
2905 3447 41.9811 -87.7372 41.9693 -87.7279
3447 3733 41.9693 -87.7279 41.9677 -87.7465
2965 3483 41.9698 -87.7532 41.9693 -87.7279
3483 3652 41.9693 -87.7279 41.9651 -87.734
2983 3268 41.9396 -87.6791 41.9388 -87.6657
2991 3334 41.9761 -87.6767 41.9823 -87.668
3334 3586 41.9823 -87.668 41.9797 -87.6808
3001 3865 41.9997 -87.7588 41.9995 -87.7134
3865 4171 41.9995 -87.7134 42.0041 -87.7034
3032 3534 41.9641 -87.661 41.9823 -87.668
3534 3691 41.9823 -87.668 41.9881 -87.6656
3049 3393 41.9746 -87.7184 41.9693 -87.7279
3393 3687 41.9693 -87.7279 41.9564 -87.7309
3344 3686 41.9388 -87.6657 41.9474 -87.6798
3061 3451 41.931 -87.709 41.9359 -87.7146
3451 3783 41.9359 -87.7146 41.9467 -87.7034
3553 3718 41.9122 -87.6394 41.9176 -87.6356
3121 3873 41.8983 -87.6763 41.8773 -87.7051
3458 3659 41.9388 -87.6657 41.9359 -87.6769
3244 3946 41.9361 -87.7481 41.9359 -87.7146
3946 4554 41.9359 -87.7146 41.948 -87.7459
3258 3676 41.9352 -87.6807 41.9388 -87.6657
3574 3725 41.8983 -87.6763 41.9014 -87.6732
3371 3992 41.9917 -87.7425 41.9995 -87.7134
3731 3988 41.9388 -87.6657 41.9497 -87.6714
3395 3885 41.9857 -87.7029 41.9995 -87.7134
3583 4019 42.0272 -87.7165 42.0181 -87.7247
3676 4180 41.9388 -87.6657 41.9579 -87.6849
3452 4191 41.9878 -87.7471 41.9995 -87.7134
3556 4218 41.9147 -87.6946 41.8983 -87.6763
3586 3876 41.9797 -87.6808 41.9823 -87.668
3876 4012 41.9823 -87.668 41.9843 -87.6711
3619 4195 41.9656 -87.6823 41.9823 -87.668
4195 4566 41.9823 -87.668 41.9711 -87.6711
3651 4041 41.9725 -87.675 41.9823 -87.668
3652 3829 41.9651 -87.734 41.9693 -87.7279
3829 4407 41.9693 -87.7279 41.9657 -87.6904
3653 4690 41.8434 -87.6428 41.874 -87.6312
3885 4331 41.9995 -87.7134 42.0117 -87.7269
3659 3867 41.9359 -87.6769 41.9388 -87.6657
3867 4215 41.9388 -87.6657 41.9473 -87.6522
3686 4032 41.9474 -87.6798 41.9388 -87.6657
3687 4083 41.9564 -87.7309 41.9693 -87.7279
4083 4382 41.9693 -87.7279 41.9731 -87.7406
3691 4023 41.9881 -87.6656 41.9823 -87.668
3706 4209 41.9566 -87.7096 41.9359 -87.7146
4209 4896 41.9359 -87.7146 41.947 -87.7511
3718 3940 41.9176 -87.6356 41.9122 -87.6394
4032 4145 41.9388 -87.6657 41.9343 -87.6628
3724 4473 41.8774 -87.6968 41.8983 -87.6763
3842 4274 42.0272 -87.7165 42.0213 -87.732
3725 3918 41.9014 -87.6732 41.8983 -87.6763
3733 4043 41.9677 -87.7465 41.9693 -87.7279
4043 4547 41.9693 -87.7279 41.9673 -87.6938
3992 4225 41.9995 -87.7134 41.9911 -87.7177
3783 4193 41.9467 -87.7034 41.9359 -87.7146
4193 4574 41.9359 -87.7146 41.9499 -87.7042
3873 4630 41.8773 -87.7051 41.8983 -87.6763
3955 4511 41.9667 -87.6962 41.9693 -87.7279
4511 4780 41.9693 -87.7279 41.9609 -87.734
3981 4317 42.0099 -87.6744 41.9973 -87.6676
3988 4282 41.9497 -87.6714 41.9388 -87.6657
4282 4615 41.9388 -87.6657 41.9226 -87.662
4012 4297 41.9843 -87.6711 41.9823 -87.668
4019 4518 42.0181 -87.7247 42.0272 -87.7165
4191 4605 41.9995 -87.7134 41.983 -87.7095
4131 4528 41.8983 -87.6763 41.8939 -87.6611
4145 4260 41.9343 -87.6628 41.9388 -87.6657
4171 4491 42.0041 -87.7034 41.9995 -87.7134
4180 4729 41.9579 -87.6849 41.9388 -87.6657
4215 4592 41.9473 -87.6522 41.9388 -87.6657
4333 4649 41.9823 -87.668 41.989 -87.6568
4458 4776 41.9388 -87.6657 41.9515 -87.6762
4225 4523 41.9911 -87.7177 41.9995 -87.7134
4274 4723 42.0213 -87.732 42.0272 -87.7165
4317 4757 41.9973 -87.6676 42.0099 -87.6744
4331 4825 42.0117 -87.7269 41.9995 -87.7134
4592 5117 41.9388 -87.6657 41.9615 -87.6772
4382 4686 41.9731 -87.7406 41.9693 -87.7279
4686 5101 41.9693 -87.7279 41.9835 -87.7297
4451 5116 41.8983 -87.6763 41.8729 -87.6886
4407 5011 41.9657 -87.6904 41.9693 -87.7279
5011 5331 41.9693 -87.7279 41.9576 -87.7204
4411 4840 41.9122 -87.6394 41.9211 -87.6571
4492 5354 41.9268 -87.7609 41.9359 -87.7146
5354 6061 41.9359 -87.7146 41.9107 -87.7227
5023 5175 41.9388 -87.6657 41.9317 -87.6647
4560 5007 42.0272 -87.7165 42.0436 -87.7223
4529 5140 41.9995 -87.7134 42.004 -87.7445
4528 4958 41.8939 -87.6611 41.8983 -87.6763
4573 5081 41.9995 -87.7134 41.9873 -87.6969
4547 5127 41.9673 -87.6938 41.9693 -87.7279
5127 5305 41.9693 -87.7279 41.9745 -87.7344
4554 5162 41.948 -87.7459 41.9359 -87.7146
5162 5754 41.9359 -87.7146 41.9558 -87.6998
4701 5373 41.8983 -87.6763 41.8712 -87.6849
4566 5075 41.9711 -87.6711 41.9823 -87.668
4574 4971 41.9499 -87.7042 41.9359 -87.7146
4971 5152 41.9359 -87.7146 41.9341 -87.7208
4605 5113 41.983 -87.7095 41.9995 -87.7134
4841 4956 41.8983 -87.6763 41.897 -87.6746
4615 4974 41.9226 -87.662 41.9388 -87.6657
4683 4996 42.0099 -87.6744 42.0141 -87.6872
4649 5012 41.989 -87.6568 41.9823 -87.668
5712 5901 41.9823 -87.668 41.974 -87.6682
4825 5416 41.9995 -87.7134 41.9848 -87.7416
4776 5172 41.9515 -87.6762 41.9388 -87.6657
4780 5263 41.9609 -87.734 41.9693 -87.7279
5263 6069 41.9693 -87.7279 41.9724 -87.7819
4840 5305 41.9211 -87.6571 41.9122 -87.6394
4958 5194 41.8983 -87.6763 41.8933 -87.668
4896 5600 41.947 -87.7511 41.9359 -87.7146
5600 6212 41.9359 -87.7146 41.9118 -87.7189
5061 5567 42.0272 -87.7165 42.0427 -87.6994
4956 5156 41.897 -87.6746 41.8983 -87.6763
5262 5565 41.8983 -87.6763 41.9025 -87.6641
4996 5332 42.0141 -87.6872 42.0099 -87.6744
5007 5544 42.0436 -87.7223 42.0272 -87.7165
5081 5677 41.9873 -87.6969 41.9995 -87.7134
5101 5597 41.9835 -87.7297 41.9693 -87.7279
5597 5748 41.9693 -87.7279 41.9684 -87.7367
5116 5921 41.8729 -87.6886 41.8983 -87.6763
5117 5670 41.9615 -87.6772 41.9388 -87.6657
5346 5528 41.9823 -87.668 41.9753 -87.6671
5140 5763 42.004 -87.7445 41.9995 -87.7134
5152 5380 41.9341 -87.7208 41.9359 -87.7146
5380 5586 41.9359 -87.7146 41.9303 -87.7147
5189 5574 42.0272 -87.7165 42.0223 -87.7007
5504 5908 41.9995 -87.7134 41.9929 -87.6958
5175 5357 41.9317 -87.6647 41.9388 -87.6657
5209 5721 41.9823 -87.668 41.9684 -87.6824
5194 5453 41.8933 -87.668 41.8983 -87.6763
5265 6140 42.0272 -87.7165 42.0654 -87.7022
5411 5855 41.9388 -87.6657 41.9521 -87.6533
5305 5514 41.9745 -87.7344 41.9693 -87.7279
5514 5911 41.9693 -87.7279 41.9689 -87.7513
5677 6272 41.9995 -87.7134 41.9947 -87.7414
5331 5652 41.9576 -87.7204 41.9693 -87.7279
5652 6067 41.9693 -87.7279 41.9794 -87.7209
5763 6350 41.9995 -87.7134 41.9929 -87.7414
5373 6085 41.8712 -87.6849 41.8983 -87.6763
5521 5942 41.8983 -87.6763 41.9094 -87.6884
5921 6385 41.8983 -87.6763 41.916 -87.6898
5416 6083 41.9848 -87.7416 41.9995 -87.7134
5528 5736 41.9753 -87.6671 41.9823 -87.668
5565 5870 41.9025 -87.6641 41.8983 -87.6763
5567 6094 42.0427 -87.6994 42.0272 -87.7165
5574 6010 42.0223 -87.7007 42.0272 -87.7165
5586 5928 41.9303 -87.7147 41.9359 -87.7146
5928 6562 41.9359 -87.7146 41.9359 -87.7455
6276 6996 41.9995 -87.7134 41.9957 -87.7564
5936 6275 42.0099 -87.6744 42.0076 -87.6965
6064 6302 41.9388 -87.6657 41.9481 -87.6616
5721 6342 41.9684 -87.6824 41.9823 -87.668
6099 6866 42.0272 -87.7165 42.048 -87.7402
5748 5916 41.9684 -87.7367 41.9693 -87.7279
5960 6117 41.9693 -87.7279 41.9702 -87.7212
5754 6352 41.9558 -87.6998 41.9359 -87.7146
6352 6879 41.9359 -87.7146 41.9273 -87.7373
5916 6088 41.9823 -87.668 41.9789 -87.6737
5881 6236 41.8983 -87.6763 41.8928 -87.6608
5855 6307 41.9521 -87.6533 41.9388 -87.6657
6508 6638 41.9823 -87.668 41.9789 -87.6706
5901 6115 41.974 -87.6682 41.9823 -87.668
5908 6371 41.9929 -87.6958 41.9995 -87.7134
6371 6530 41.9995 -87.7134 41.9944 -87.7093
5911 6344 41.9689 -87.7513 41.9693 -87.7279
6344 6545 41.9693 -87.7279 41.9728 -87.7257
5942 6461 41.9094 -87.6884 41.8983 -87.6763
6061 6784 41.9107 -87.7227 41.9359 -87.7146
6784 7454 41.9359 -87.7146 41.9406 -87.7517
6067 6523 41.9794 -87.7209 41.9693 -87.7279
6523 6942 41.9693 -87.7279 41.9716 -87.7049
6069 6912 41.9724 -87.7819 41.9693 -87.7279
6912 7682 41.9693 -87.7279 41.9642 -87.7784
6088 6365 41.9789 -87.6737 41.9823 -87.668
6117 6304 41.9702 -87.7212 41.9693 -87.7279
6304 6606 41.9693 -87.7279 41.9727 -87.7139
6140 7019 42.0654 -87.7022 42.0272 -87.7165
6296 6779 41.9823 -87.668 41.9702 -87.6804
6342 6503 41.9823 -87.668 41.9816 -87.6719
6381 6773 41.9388 -87.6657 41.9445 -87.687
6479 7079 42.0272 -87.7165 42.0437 -87.6951
6212 6998 41.9118 -87.7189 41.9359 -87.7146
6998 7436 41.9359 -87.7146 41.9217 -87.6992
6236 6647 41.8928 -87.6608 41.8983 -87.6763
6272 6891 41.9947 -87.7414 41.9995 -87.7134
6891 7254 41.9995 -87.7134 41.9875 -87.7127
6275 6681 42.0076 -87.6965 42.0099 -87.6744
7117 7346 41.9388 -87.6657 41.9297 -87.6562
6302 6545 41.9481 -87.6616 41.9388 -87.6657
6719 6958 41.9388 -87.6657 41.931 -87.6728
6385 6947 41.9823 -87.668 41.9692 -87.6841
6704 6880 42.0099 -87.6744 42.0088 -87.6857
6350 7114 41.9929 -87.7414 41.9995 -87.7134
7114 7502 41.9995 -87.7134 42.0116 -87.7148
6385 6896 41.916 -87.6898 41.8983 -87.6763
6503 6684 41.9816 -87.6719 41.9823 -87.668
6530 6702 41.9944 -87.7093 41.9995 -87.7134
6702 7133 41.9995 -87.7134 41.9801 -87.7041
6545 6862 41.9728 -87.7257 41.9693 -87.7279
6862 7558 41.9693 -87.7279 41.9596 -87.7634
6562 7227 41.9359 -87.7455 41.9359 -87.7146
7227 7757 41.9359 -87.7146 41.9366 -87.7369
6629 7156 42.0272 -87.7165 42.0143 -87.7309
6750 6909 41.8983 -87.6763 41.8996 -87.6845
6606 6960 41.9727 -87.7139 41.9693 -87.7279
6960 7728 41.9693 -87.7279 41.9528 -87.7621
6638 6809 41.9789 -87.6706 41.9823 -87.668
6784 7086 41.9388 -87.6657 41.9511 -87.6674
6773 7226 41.9445 -87.687 41.9388 -87.6657
6779 7274 41.9702 -87.6804 41.9823 -87.668
7259 7909 42.0099 -87.6744 42.0416 -87.6851
6866 7664 42.048 -87.7402 42.0272 -87.7165
6879 7441 41.9273 -87.7373 41.9359 -87.7146
7441 7837 41.9359 -87.7146 41.947 -87.7054
6880 7062 42.0088 -87.6857 42.0099 -87.6744
6909 7110 41.8996 -87.6845 41.8983 -87.6763
6942 7365 41.9716 -87.7049 41.9693 -87.7279
7365 7487 41.9693 -87.7279 41.9714 -87.7343
6947 7546 41.9692 -87.6841 41.9823 -87.668
6958 7247 41.931 -87.6728 41.9388 -87.6657
7226 7335 41.9388 -87.6657 41.9427 -87.6639
7013 7483 41.9823 -87.668 41.9671 -87.6791
6996 7722 41.9957 -87.7564 41.9995 -87.7134
7722 8155 41.9995 -87.7134 41.9968 -87.7374
7079 7699 42.0437 -87.6951 42.0272 -87.7165
7086 7419 41.9511 -87.6674 41.9388 -87.6657
7157 7518 42.0272 -87.7165 42.0294 -87.7341
7133 7565 41.9801 -87.7041 41.9995 -87.7134
7565 7961 41.9995 -87.7134 41.9863 -87.7005
7156 7769 42.0143 -87.7309 42.0272 -87.7165
7303 7637 41.9388 -87.6657 41.9377 -87.6843
7254 7735 41.9875 -87.7127 41.9995 -87.7134
7735 7897 41.9995 -87.7134 41.9962 -87.7081
7335 7535 41.9427 -87.6639 41.9388 -87.6657
7346 7638 41.9297 -87.6562 41.9388 -87.6657
7436 7965 41.9217 -87.6992 41.9359 -87.7146
7965 8536 41.9359 -87.7146 41.9108 -87.715
7454 8167 41.9406 -87.7517 41.9359 -87.7146
8167 8585 41.9359 -87.7146 41.9192 -87.7175
7483 7957 41.9671 -87.6791 41.9823 -87.668
7487 7658 41.9714 -87.7343 41.9693 -87.7279
7658 8270 41.9693 -87.7279 41.9658 -87.6879
7502 7900 42.0116 -87.7148 41.9995 -87.7134
7900 8203 41.9995 -87.7134 41.9963 -87.7313
7518 7943 42.0294 -87.7341 42.0272 -87.7165
7558 8425 41.9596 -87.7634 41.9693 -87.7279
8425 8831 41.9693 -87.7279 41.9716 -87.7516
7637 7985 41.9377 -87.6843 41.9388 -87.6657
7682 8532 41.9642 -87.7784 41.9693 -87.7279
8532 9060 41.9693 -87.7279 41.9762 -87.7591
7728 8547 41.9528 -87.7621 41.9693 -87.7279
8547 9091 41.9693 -87.7279 41.9768 -87.7604
7757 8391 41.9366 -87.7369 41.9359 -87.7146
8391 8753 41.9359 -87.7146 41.9199 -87.712
7837 8541 41.947 -87.7054 41.9359 -87.7146
8541 8840 41.9359 -87.7146 41.9282 -87.7044
7897 8077 41.9962 -87.7081 41.9995 -87.7134
8077 8538 41.9995 -87.7134 41.9817 -87.7101
7909 8606 42.0416 -87.6851 42.0099 -87.6744
7961 8359 41.9863 -87.7005 41.9995 -87.7134
8359 8867 41.9995 -87.7134 41.9774 -87.7014
8155 8620 41.9968 -87.7374 41.9995 -87.7134
8620 8993 41.9995 -87.7134 42 -87.6985
8203 8534 41.9963 -87.7313 41.9995 -87.7134
8534 8901 41.9995 -87.7134 41.9884 -87.7186
8270 8922 41.9658 -87.6879 41.9693 -87.7279
8922 9448 41.9693 -87.7279 41.9656 -87.76
8536 9116 41.9108 -87.715 41.9359 -87.7146
9116 9998 41.9359 -87.7146 41.9413 -87.765
8538 9085 41.9817 -87.7101 41.9995 -87.7134
9085 9245 41.9995 -87.7134 41.9952 -87.7166
8585 9192 41.9192 -87.7175 41.9359 -87.7146
9192 9622 41.9359 -87.7146 41.9499 -87.7263
8753 9133 41.9199 -87.712 41.9359 -87.7146
9133 9305 41.9359 -87.7146 41.932 -87.7146
8831 9263 41.9716 -87.7516 41.9693 -87.7279
9263 10006 41.9693 -87.7279 41.958 -87.7671
8840 9147 41.9282 -87.7044 41.9359 -87.7146
9147 9835 41.9359 -87.7146 41.9479 -87.7397
8867 9391 41.9774 -87.7014 41.9995 -87.7134
9391 9637 41.9995 -87.7134 41.9939 -87.7061
8901 9323 41.9884 -87.7186 41.9995 -87.7134
8993 9401 42 -87.6985 41.9995 -87.7134
9060 9621 41.9762 -87.7591 41.9693 -87.7279
9621 10417 41.9693 -87.7279 41.9515 -87.7622
9091 9687 41.9768 -87.7604 41.9693 -87.7279
9687 9874 41.9693 -87.7279 41.9644 -87.7347
9245 9460 41.9952 -87.7166 41.9995 -87.7134
9305 9517 41.932 -87.7146 41.9359 -87.7146
9517 9891 41.9359 -87.7146 41.9486 -87.7239
9448 10013 41.9656 -87.76 41.9693 -87.7279
10013 10387 41.9693 -87.7279 41.9532 -87.7216
9622 10060 41.9499 -87.7263 41.9359 -87.7146
10060 10208 41.9359 -87.7146 41.9362 -87.7192
9637 9912 41.9939 -87.7061 41.9995 -87.7134
9835 10629 41.9479 -87.7397 41.9359 -87.7146
10629 11363 41.9359 -87.7146 41.9543 -87.7501
9874 10066 41.9644 -87.7347 41.9693 -87.7279
10066 10308 41.9693 -87.7279 41.961 -87.7211
9891 10294 41.9486 -87.7239 41.9359 -87.7146
10294 10577 41.9359 -87.7146 41.9378 -87.7259
9998 10892 41.9413 -87.765 41.9359 -87.7146
10892 11251 41.9359 -87.7146 41.9228 -87.7158
10006 10823 41.958 -87.7671 41.9693 -87.7279
10823 11299 41.9693 -87.7279 41.9766 -87.7553
10208 10441 41.9362 -87.7192 41.9359 -87.7146
10441 11064 41.9359 -87.7146 41.938 -87.7444
10308 10555 41.961 -87.7211 41.9693 -87.7279
10555 10992 41.9693 -87.7279 41.9758 -87.7071
10387 10779 41.9532 -87.7216 41.9693 -87.7279
10779 11270 41.9693 -87.7279 41.9697 -87.6946
10417 11228 41.9515 -87.7622 41.9693 -87.7279
11228 12030 41.9693 -87.7279 41.9524 -87.7537
10577 10917 41.9378 -87.7259 41.9359 -87.7146
10992 11592 41.9758 -87.7071 41.9693 -87.7279
11592 12078 41.9693 -87.7279 41.9734 -87.759
11064 11797 41.938 -87.7444 41.9359 -87.7146
11251 11697 41.9228 -87.7158 41.9359 -87.7146
11270 11780 41.9697 -87.6946 41.9693 -87.7279
11299 11885 41.9766 -87.7553 41.9693 -87.7279
11363 12109 41.9543 -87.7501 41.9359 -87.7146
12030 12988 41.9524 -87.7537 41.9693 -87.7279
12078 12592 41.9734 -87.759 41.9693 -87.7279
