1.75963e+06
1.23675e+06
822750
819763
839872
852896
873768
869774
878372
889135
887879
889510
885793
886897
885918
899249
886883
892336
884545
888662
899098
887935
884475
891259
903803
887592
891991
894228
886069
894175
891554
888168
885631
889902
894546
886694
891476
891934
889414
890096
882581
890831
891610
889166
888464
888672
893610
892313
887732
895481
896154
885879
886471
884718
890253
893581
891198
886596
886892
887886
890954
893924
878643
888430
891094
880810
883861
888061
883894
887698
886299
886222
890418
886521
892898
891878
893440
882600
885573
891332
883014
885552
886719
880467
887998
884192
880916
884025
898233
879902
890811
882343
893533
882061
876371
883549
883736
881751
881256
872750
884977
879415
879573
867186
879060
884321
867835
881730
878968
881420
877531
876235
875191
872092
880908
880587
875470
872195
883708
880336
877004
880964
881993
873178
888703
875133
882964
872530
868434
875735
881680
881420
878573
874511
872825
881180
873966
887986
871557
873565
865598
875877
876310
870639
872319
879157
868327
873222
871939
867379
863646
868624
880731
861353
881208
863192
869286
870630
878405
876122
873461
885900
876457
871402
857885
875689
870302
868959
865372
870395
876377
876441
876009
871509
867897
874238
873936
881175
864721
874519
870770
868606
865748
876340
871762
873301
873617
874656
873235
876586
866240
871915
874535
871601
876157
877152
868279
855156
866977
867473
869917
866535
878319
874266
857605
872722
870231
872769
870684
865524
862493
866902
861638
866107
865812
861499
873690
869894
875157
872003
860390
870490
871851
863007
866882
867227
869799
858362
868920
866456
859241
871791
874510
857568
864090
861612
865872
868230
861608
871118
865898
867089
870046
860626
864081
863164
866904
864997
856352
865286
869182
859962
864732
864109
860678
863009
865027
867211
858658
853255
847407
866494
863892
852782
863273
859465
867042
855448
870268
859146
859097
869884
859508
855194
860511
868358
866780
854128
857492
864324
862606
866414
855947
870953
861018
868239
856883
859822
860679
864461
867426
863425
859491
857933
860174
856971
863758
857378
854014
863811
864401
862039
860815
863762
858956
859731
864837
860801
855061
869768
863337
864215
851927
858678
857795
869585
853955
849905
864672
857912
862873
868489
865328
854979
855589
850936
851845
860092
864290
855707
861741
849123
847977
868411
851194
858042
863825
859577
856609
858693
858114
850952
854944
860035
866988
855045
854957
852815
851601
867145
862244
860420
866766
847533
860403
856725
856084
857879
862460
860556
853497
858748
856138
852308
855340
855667
861274
854615
860308
850416
853861
854300
844681
851662
849844
855089
855661
858450
854449
854892
852941
860296
858762
851688
851735
862508
847009
859066
859742
848712
849979
855564
857276
853345
870715
852046
871785
852872
851502
852169
853831
858423
856993
851966
851226
849193
859565
859446
846797
852216
854444
852027
851973
855882
850849
857812
849120
853438
850658
859814
846610
846201
861030
856353
849760
856961
848376
864223
847643
856389
862427
853580
848812
845369
852348
853119
840308
859208
851098
861931
850047
851877
855674
844095
853305
854610
846483
854875
856166
860197
849355
856463
853238
855195
843079
847128
849698
852708
866915
845557
851213
845764
850320
863568
856037
844202
847719
848640
840628
847112
859711
853397
862699
846914
848180
852917
852012
840696
850643
852237
847807
848302
848081
843516
860528
856337
849100
848647
843116
851618
846746
856867
851505
855063
844446
862064
857649
846918
851550
859257
