1.21574e+06
992882
956710
918106
887564
831592
772178
727984
655559
632486
613580
604506
563694
566776
549656
551614
525940
536230
551204
549883
531289
532621
544237
526447
543049
559415
542527
555075
526578
505011
514933
509045
502102
521855
523411
528170
524206
513370
501186
498355
531421
519051
493568
500135
510925
520821
514254
493509
505358
508614
514301
497968
521788
527054
495751
520884
490458
509947
492586
513184
486815
482390
502588
533784
506488
516354
525117
497618
498475
500758
521864
511382
493226
508393
482429
514121
494448
503653
528653
483915
