1.25312e+06
1.02213e+06
976988
928688
871840
809282
735995
705339
635813
629779
608654
592377
591116
581593
576154
586397
564723
564303
568229
556297
540370
571676
555581
547191
559853
572653
561931
561235
543800
530743
531093
550026
534408
549606
548894
563884
556141
534296
531871
515673
537842
573427
525157
532424
527186
554224
552078
524675
538455
544207
531178
510388
534753
543422
522401
529889
528141
527871
532734
526532
518093
550180
528835
551192
537370
521676
550500
524547
527930
515603
563200
524475
535327
548358
520565
541262
539977
522193
521295
527674
