1.90273e+06
1.52534e+06
933921
816648
816830
820620
829210
817070
820845
829244
824649
821787
820153
821831
816591
827603
814200
818590
812907
818272
825930
814136
809156
809409
826108
807379
807661
807293
804684
806965
805515
794353
792092
800922
800987
792153
789354
790932
785750
782842
776191
779953
782448
775472
777611
772665
768298
770575
760971
765526
768416
753964
752881
751166
751092
757284
753757
749828
739955
745992
748559
743629
730321
736853
741209
723549
733685
733711
724636
725534
726525
715394
719874
717937
723670
716520
719521
709440
708591
711534
699995
702072
700462
696923
695902
692990
695378
682979
698404
678385
689120
679409
683263
667988
675440
671182
677282
661462
666032
650856
656287
650016
654094
637686
654490
651696
643170
647360
641996
639914
643720
637879
640959
627955
637326
632391
627296
615540
627390
625735
615016
622203
612138
607750
619509
602298
612421
603102
587404
600600
601232
594534
586854
582850
585212
571537
578664
586654
574173
563864
562133
575606
570721
563144
557608
568069
553346
556539
548517
544424
538022
542290
553231
532737
551749
528880
538684
535568
536651
536560
533315
543427
540804
526140
507810
529442
513861
514218
502791
515737
517326
513886
509136
507569
501388
511670
508381
511240
491188
500106
507706
495123
495364
502142
492249
490126
489767
496850
489363
490087
474964
488213
483805
485943
488282
487537
470682
463564
467021
463158
460730
468004
476018
466662
451803
468185
459258
470258
460073
456163
451035
457174
446609
457818
455260
457127
460222
449966
452521
450050
440108
446452
444770
445367
435360
433516
443067
427846
433966
434727
418910
440372
440142
420860
431593
433420
422544
431721
423427
423559
423208
426880
422328
417664
411023
411261
410548
414994
419600
417849
420601
404015
407009
413222
405795
409752
412441
403836
400302
403514
396119
409068
400609
403410
415307
412531
402227
396355
401685
392104
400459
403072
400195
391792
389292
403450
404274
390164
393992
396783
393017
396895
396363
394524
388262
391316
384691
384325
385441
393988
387572
390028
386716
379800
389719
383126
395816
378877
387374
386800
385005
381520
381194
381871
384202
381030
374950
386462
379383
377791
384279
387817
373446
373047
372188
385336
378149
368197
378916
373899
371970
378154
371915
366788
363248
372208
379368
376316
376305
376166
371030
364721
363202
381331
369718
366786
374935
366674
364969
374132
363054
361523
371117
364172
372434
371496
361997
370575
360175
363096
368980
367381
374956
363525
363607
363847
358237
363548
367192
362460
355703
359810
359067
357200
357565
350588
353776
358431
362484
352494
364893
357240
353264
352827
357873
362538
358939
364972
361538
355942
357289
364118
351879
358487
364184
359261
349724
361158
357431
358585
361400
350712
348282
353088
361733
346602
355892
350117
353690
351950
350706
351667
353689
356277
352817
348023
354134
353506
354819
353676
356737
352406
359166
354646
358319
353317
353847
351155
348769
347960
344469
346978
356342
352629
349212
357216
349617
357869
350804
348636
350406
347508
344960
346128
343488
351697
343960
354353
350266
353390
351163
348016
342637
344799
346550
345311
342716
349810
344155
350485
345182
341392
345296
349026
342621
348562
345439
346198
359285
351336
350880
336406
342360
348039
348140
346588
345623
347309
341544
343583
352040
354212
348917
339980
346086
342915
334979
335370
338258
341503
341687
339373
339173
338298
348117
340512
341570
346916
340993
340109
344064
346881
343969
348607
342040
344817
353943
338605
344172
341268
