1.72109e+06
1.36936e+06
923088
850278
825843
825950
821374
803641
810309
822315
807567
810757
794560
798708
796660
801207
788908
787160
772029
780286
784747
769601
752020
766314
769486
743990
752454
748430
732132
742063
734156
730206
726697
729642
729939
706826
716633
699187
703454
693945
679383
694556
690057
674668
683866
680522
669567
672032
655662
675515
660388
652263
650753
640564
642215
650948
639651
619595
634283
629547
619862
631610
603860
612768
607070
588130
594399
593367
582226
596874
592623
579683
586079
575404
579110
569276
571642
553155
561206
562407
552274
547648
545822
524430
540764
531242
530468
520999
541300
513847
519570
520764
518305
498889
505593
502545
501812
496696
489931
476202
486090
475246
481434
462094
474209
479376
454696
467227
456019
462085
460543
457168
448433
437540
441466
449057
438717
427128
453395
439483
435473
434711
436950
428815
438234
429642
426616
417719
414010
425538
427368
416510
403555
408029
411070
406260
401981
417894
404705
403240
391623
407100
401967
388540
397780
400617
395263
388886
382302
390262
375094
378876
390417
375372
398078
367784
379344
376907
383249
378740
381859
390488
384650
370452
360430
373698
371343
360349
356284
373692
372565
373604
372833
366178
363587
365783
369319
367398
353636
364393
363782
354348
354972
360077
363058
357745
364094
359890
362941
360632
358950
360597
357728
360887
361563
359364
356468
341594
355171
356534
355659
349505
363771
360546
346218
360386
352833
354491
350484
347172
337880
349102
339400
350451
348632
340891
356699
345630
352380
351477
340207
357879
350483
343986
344690
347602
351226
336691
347759
342575
331374
349973
354832
332305
342437
343837
342309
344031
340776
345772
342072
340586
342298
340813
333174
333822
341482
331356
338053
336140
338135
329247
338256
337392
338713
335166
342381
336930
330526
335916
320197
340559
339643
333759
338285
332515
339425
326560
339244
327098
341418
344560
335662
329970
327803
334814
341757
325504
331567
334118
331186
339521
323738
342453
328913
336018
327698
330457
327309
340048
336902
332202
337779
324773
328871
328962
334180
325269
323451
335073
331320
333969
327911
335881
327825
332729
331017
329962
326284
336164
332964
340277
320435
323931
333169
330922
317772
317135
330479
327799
328222
339912
338092
322213
319607
316112
329725
326434
335936
326585
326101
318549
319956
330750
321169
328221
326409
328346
322045
331342
320158
318438
327049
324225
341409
329268
318674
328074
321515
328071
339194
326261
329758
315951
328408
324948
315788
322885
327141
329793
322011
329474
322219
324944
321385
319610
324803
322459
329214
318252
330371
321538
318127
318332
318824
331166
325712
329256
326460
323527
322047
331169
325614
318297
317376
323810
316268
322426
318497
316451
318518
325112
316954
320411
331315
322776
325938
319744
322696
318523
319446
325244
322155
316770
324928
315271
320624
327783
325237
324596
322828
317618
322226
322485
327330
321861
318387
323117
320819
324540
314635
310703
326590
322945
326008
321547
321179
326605
315681
318769
329268
316448
317900
317132
320393
320407
313343
326395
314610
322479
324020
316388
325074
314891
318752
321108
321333
323478
319342
332764
322729
318390
320804
325924
315784
311376
324516
317944
334730
319747
310746
316653
314498
325423
321400
315279
316307
318527
317630
308537
319143
320554
328274
317660
313559
320961
322239
311345
320338
324276
314792
315783
317002
316083
327329
323645
320744
321282
314239
318437
321008
321896
314694
316374
315539
317778
320676
316898
315423
316701
