1.2028e+06
1.07501e+06
1.06053e+06
1.06592e+06
1.06858e+06
1.07152e+06
1.06826e+06
1.07076e+06
1.064e+06
1.07076e+06
1.06923e+06
1.07352e+06
1.06384e+06
1.06719e+06
1.06984e+06
1.06693e+06
1.07268e+06
1.06465e+06
1.06983e+06
1.06248e+06
1.0571e+06
1.06429e+06
1.06063e+06
1.06216e+06
1.06527e+06
1.07071e+06
1.05758e+06
1.06694e+06
1.06092e+06
1.05344e+06
1.06149e+06
1.05212e+06
1.05898e+06
1.05622e+06
1.05841e+06
1.05517e+06
1.05588e+06
1.06058e+06
1.05907e+06
1.05892e+06
1.05648e+06
1.06116e+06
1.04913e+06
1.05723e+06
1.05246e+06
1.05127e+06
1.05728e+06
1.05824e+06
1.05271e+06
1.05226e+06
1.04167e+06
1.03559e+06
1.06065e+06
1.04419e+06
1.05064e+06
1.05541e+06
1.05523e+06
1.03943e+06
1.04877e+06
1.04623e+06
1.03673e+06
1.05217e+06
1.05102e+06
1.05421e+06
1.04474e+06
1.04149e+06
1.05441e+06
1.03181e+06
1.0423e+06
1.04232e+06
1.044e+06
1.05861e+06
1.04188e+06
1.05549e+06
1.03752e+06
1.05766e+06
1.03662e+06
1.04154e+06
1.03793e+06
1.03605e+06
