1.63698e+06
1.22581e+06
941553
882893
866142
865811
858432
843464
847088
858127
840431
846038
828011
825128
825416
822468
818022
798311
796526
803512
803324
788856
770486
781669
792906
754730
764273
764122
744251
755340
750078
742913
742118
743395
745232
722618
716921
715720
708009
699062
685800
702636
692457
684307
677943
672721
665828
670493
647544
675790
653349
635632
629672
628222
622903
628732
616470
607299
610436
608775
598165
594163
565154
581442
575012
556786
565048
558813
544552
558527
549258
538767
535759
537321
537684
537476
527330
510578
510696
522621
506598
500883
501454
486907
494238
483982
495569
477162
508300
465002
481912
478718
478294
463889
464266
463750
471655
468372
450381
441102
456602
445656
447010
438753
449235
447395
429037
441903
432077
438103
432926
440299
427382
420428
423738
431597
420909
415899
443253
423588
430135
428731
436746
416430
431980
420830
429115
413383
413263
415287
421949
409367
406772
405728
407612
403091
402440
422426
405754
406232
397083
404169
405133
390123
399243
408700
401711
395956
390862
393948
385722
391995
400272
384029
410306
375431
391048
386127
391962
388433
395553
404445
397103
387868
373108
384024
382443
371213
367145
389424
392711
386126
395581
384709
380071
380865
385524
383449
378307
382365
378156
367963
367285
378720
378638
375831
380382
378728
384372
379168
377463
383433
377074
378003
383136
380314
376918
357866
370838
373365
377475
368404
387290
375818
359861
391961
376823
377789
369546
371220
360693
370584
361093
374247
371206
363659
380388
366013
374598
376313
363722
388875
371675
367004
368100
371260
377274
359007
375590
370003
355756
374050
381892
354720
372081
365838
371745
367187
370653
372850
371180
369202
363319
363253
357117
358848
366394
358311
360979
363249
364741
352126
366775
364034
363603
362560
369766
363426
353706
357864
343896
369340
366970
360661
366527
360892
367307
351857
366509
349236
370277
373715
361243
353904
352709
367506
370553
353903
358169
364135
361879
370435
344451
373729
351257
361070
354721
356336
357238
369409
362302
357186
363275
352108
352507
352809
362436
353116
347029
361746
360515
361134
352651
370923
355766
364232
360697
354675
356470
366182
364995
368832
351785
354198
361388
365949
344834
343130
359363
352418
354960
365612
363424
349048
345727
341693
360880
357379
368216
358615
350024
348754
348869
357562
345291
357654
352138
353839
347416
359390
345048
341066
355070
355123
368867
354016
345436
354119
344553
356293
366745
354863
360770
342391
359234
352179
341188
352373
353640
356609
348664
356943
349594
354563
348777
344416
348044
354787
352015
346609
359647
353652
346228
341044
344572
358479
355097
352925
351270
349861
348741
359326
352212
341366
339845
348452
344098
351221
347515
345977
345357
351018
342840
348318
359463
349236
355093
349881
347894
345017
351323
354558
350275
341123
349635
338779
353513
358664
356252
349123
353315
345183
351290
347698
352536
345585
341982
351163
350753
351411
340541
336024
352572
348292
354468
350704
350468
357489
341995
349641
362743
343234
341998
343887
344793
354865
352264
356994
342710
349201
355920
343677
352234
345864
346330
357292
351551
351245
348140
364672
348102
350006
351858
358389
341069
339274
354610
346764
361288
347892
338956
344788
347011
359055
351538
342442
342221
345918
349964
339445
349835
350081
357365
345111
344043
350043
349610
335684
349183
355515
338891
345278
352482
346557
361059
350241
349973
345929
341418
344582
346943
353658
343901
345084
346657
349375
346459
343258
342094
347771
