1.30629e+06
1.02698e+06
993768
954691
910492
844384
784879
743500
693080
661187
636174
609940
603074
602611
582650
602440
578495
575107
587677
576371
552728
555401
579849
568197
568778
585786
567741
614539
571452
555278
545895
542068
532082
544938
549621
563355
556044
532785
540835
533617
540163
598493
527095
530553
546036
570881
566134
548640
546720
537927
541504
507923
558703
550555
542546
552578
545841
560389
531375
545880
531632
551109
524674
553071
538302
553090
534370
561547
536824
536413
541748
568008
531154
550250
513394
560159
532591
533315
547896
538779
